1440 1000010166
156 1000010164
1915 1000010162
99 1000011349
3440 1000010168
714 1000003332
4120 1000007276
190 1000014199
4887 1000014767
442 1000007278
103 1000014197
1050 1000002783
1772 1000003629
2172 1000016256
905 1000008698
5504 1000011748
5508 1000011744
5462 1000014769
2888 1000008692
4857 1000011740
3158 1000008696
1900 1000001260
598 1000001266
2631 1000016914
1024 1000016916
2469 1000003808
1680 1000016912
2096 1000003804
2688 1000003806
1147 1000003800
1997 1000003802
3661 1000001406
2184 1000001401
3045 1000001409
483 1000014219
71 1000014215
102 1000014217
125 1000014210
1107 1000014213
4725 1000005728
5447 1000009257
800 1000005722
439 1000005726
308 1000005724
1380 1000002989
1885 1000002983
1303 1000002981
478 1000002987
3891 1000002985
1863 1000013631
3223 1000013634
4310 1000013185
5353 1000013187
1202 1000013181
4207 1000013183
591 1000012326
4146 1000012324
4638 1000012322
4647 1000012320
3934 1000015924
5019 1000015920
3109 1000012328
2760 1000015674
4140 1000015676
1985 1000002181
2980 1000015670
2192 1000015672
3986 1000015678
5541 1000013984
5208 1000013986
5233 1000013455
1173 1000013453
5523 1000013982
923 1000013451
351 1000012583
5340 1000012581
4717 1000012587
1293 1000012585
3053 1000012589
5529 1000016115
4080 1000014986
5169 1000014980
5477 1000014982
613 1000014988
166 1000006408
4570 1000006402
3190 1000006400
2713 1000006406
2367 1000006404
756 1000016166
5308 1000016161
2815 1000016163
4659 1000015586
4384 1000015584
4986 1000016168
5371 1000015580
2418 1000003324
2603 1000003326
314 1000014188
4152 1000011359
3744 1000003322
3169 1000011357
9 1000014184
4457 1000011355
1798 1000014186
4512 1000011353
489 1000003328
1451 1000011351
735 1000014182
4584 1000012915
4868 1000012917
2024 1000012919
4306 1000009898
2532 1000006669
3692 1000015389
5763 1000006667
545 1000006665
4726 1000006663
4663 1000009894
1054 1000006661
5341 1000009896
3746 1000011746
5487 1000011742
2243 1000003639
3659 1000003633
3300 1000003631
1012 1000003637
4172 1000003635
4625 1000000679
3137 1000000856
2152 1000000673
4189 1000000854
1949 1000000671
2101 1000000677
1916 1000000851
4223 1000010408
707 1000010404
2785 1000009407
2229 1000010406
1115 1000010401
853 1000007138
1414 1000007134
941 1000007136
1840 1000007130
662 1000007132
921 1000004111
888 1000013599
2856 1000004115
5275 1000002599
5578 1000016761
2296 1000016767
1422 1000002407
1581 1000002405
1768 1000002403
4281 1000002401
4555 1000016910
1182 1000002409
2026 1000008916
3753 1000008914
3674 1000008912
3501 1000008910
2374 1000010348
1223 1000010712
4847 1000008918
2835 1000005576
2741 1000001890
1285 1000001892
4330 1000005572
1178 1000001894
4100 1000005570
281 1000001896
10 1000001898
4057 1000007859
657 1000014408
3913 1000010432
2938 1000015828
599 1000014400
4634 1000016918
636 1000014406
5294 1000010434
530 1000010718
617 1000002912
986 1000010340
3253 1000010868
140 1000002262
4818 1000012461
5061 1000012468
5776 1000002260
2198 1000016371
2647 1000016373
1646 1000016375
4064 1000016377
3369 1000016379
2112 1000015826
1870 1000013840
2520 1000013842
3588 1000013844
3933 1000013846
3948 1000017179
5579 1000017173
4959 1000017177
4922 1000006872
4970 1000006870
1196 1000006875
4692 1000009796
2020 1000002735
5511 1000009794
4672 1000006879
5756 1000009792
4768 1000009790
3751 1000015440
2434 1000015115
3836 1000015446
3792 1000015444
3451 1000015119
3407 1000015448
4639 1000012430
1043 1000003798
129 1000003796
2423 1000003791
2149 1000003793
5336 1000011726
1993 1000008670
1753 1000008676
5690 1000011723
4528 1000011721
3226 1000008678
5471 1000011728
3153 1000000441
4193 1000000443
4500 1000000445
1876 1000000447
5603 1000000449
3655 1000001240
2335 1000016978
3188 1000016976
3406 1000016974
1632 1000003657
4235 1000016972
3225 1000016970
4097 1000007835
4397 1000003867
4387 1000003863
1453 1000007833
4837 1000003861
335 257
4602 1000003869
2169 1000014235
472 1000014233
318 1000014231
98 1000014238
3712 1000006736
5429 1000009235
1567 1000005968
5591 1000009237
2513 1000009231
5509 1000009233
172 1000006730
645 1000005960
2144 1000005962
4949 1000009239
806 1000005740
1866 1000005966
306 1000002213
3702 1000002211
3976 1000002217
1989 1000002215
1267 1000002219
3424 1000013617
4030 1000013611
3434 1000013613
3927 1000013619
5183 1000015946
3984 1000015944
2901 1000015942
3219 1000015940
283 1000013478
3737 1000013470
1230 1000013472
4239 1000013476
1463 1000001939
2271 1000001932
2073 1000001930
1274 1000001936
2656 1000001934
2704 1000016494
1594 1000016496
3762 1000016490
3289 1000015618
2667 1000016492
161 1000015613
5129 1000015611
4206 1000012700
4787 1000012704
2933 1000006469
1319 1000016149
3778 1000006465
5645 1000016146
3549 1000006467
3942 1000016144
3437 1000006460
4979 1000006462
3731 1000006685
1103 1000006687
2478 1000006689
4016 1000010643
437 1000010641
24 1000010647
216 1000010645
3716 1000010649
5391 1000009250
966 1000003659
1227 1000003309
248 1000003655
264 1000003305
4591 1000003651
2778 1000003653
4720 1000000302
1085 1000014163
3361 1000004353
2264 1000000874
916 1000000876
3722 1000004356
2486 1000004359
5362 1000000308
1127 1000014161
3671 1000010467
592 1000009422
2685 1000010465
3694 1000009424
2127 1000010391
673 1000009426
174 1000010393
3400 1000009428
2189 1000014167
790 1000010399
1391 1000010469
522 1000014165
5708 1000001650
2353 1000007152
3386 1000007150
3028 1000011409
243 1000007158
588 1000004174
3260 1000004177
1130 1000004176
236 1000004171
4319 1000004173
1446 1000005888
4149 1000005886
132 1000005882
3022 1000005880
3130 1000008080
3078 1000008082
1726 1000014398
1771 1000001882
3728 1000016706
2409 1000016700
76 1000016702
1489 1000014390
1234 1000014392
1933 1000014394
569 1000001880
1101 1000014396
5760 1000004689
4232 1000004682
3306 1000005558
594 1000005552
4590 1000005554
2789 1000005556
287 1000001888
4715 1000006744
944 1000002688
1154 1000016224
4944 1000013287
239 1000013285
4066 1000013283
1503 1000006740
4493 1000013289
4399 1000000741
5322 1000006290
4276 1000016228
2199 1000002029
2935 1000002021
3000 1000002023
2575 1000002025
2301 1000002027
457 1000013862
1556 1000013860
2445 1000013866
3556 1000013864
1645 1000013868
4050 1000006854
5734 1000015138
2636 1000006851
3649 1000015136
4085 1000015426
4985 1000015421
1323 1000015423
4504 1000015428
4360 1000008539
4069 1000008531
3244 1000008533
3858 1000008535
2273 1000008537
1259 1000012457
2350 1000007347
43 1000007345
4561 1000011708
2381 1000011700
5339 1000011702
3714 1000010814
4779 1000011704
4839 1000011706
1405 1000008656
2362 1000000468
3914 1000000461
5460 1000007340
2602 1000000466
4546 1000000464
3040 1000006149
2846 1000006143
3340 1000006141
4178 1000016951
2822 1000003519
2413 1000016959
3784 1000003843
3230 1000003517
3243 1000007811
5781 235
5221 236
947 1000000799
3969 1000000795
3513 1000000793
1199 1000010078
2329 1000010072
2544 1000010074
4161 1000010076
2002 1000004540
1700 1000005766
4814 1000005764
1537 1000005762
939 1000005760
4162 1000015393
2402 1000005948
4571 1000005768
2270 1000002235
1345 1000002237
1531 1000002231
1797 1000013679
4263 1000013677
254 1000002239
4051 1000013670
5736 1000015962
2450 1000015966
3207 1000013493
4215 1000013497
2176 1000013499
1429 1000001914
1848 1000001910
2873 1000001912
3736 1000014619
5009 1000015631
5676 1000015639
3545 1000014612
2171 1000014615
5281 1000014617
2118 1000014940
3069 1000014942
4679 1000014944
1873 1000014947
5210 1000012723
4842 1000012720
5783 1000012727
5007 1000012729
72 1000006331
5125 1000006446
1831 1000006333
3416 1000006335
3496 1000006337
4005 1000006339
2809 1000015091
4923 1000015093
2678 1000010665
12 1000010667
14 1000010661
285 1000010663
2391 1000010669
2479 1000003676
760 1000007316
4606 1000003674
1634 1000003672
554 1000003670
2608 1000011393
3155 1000011391
493 1000011397
3341 1000011395
3268 1000003678
5286 1000000636
2927 1000010918
2356 1000000630
2625 1000010440
3012 1000017497
1941 1000010910
1291 1000010443
433 1000010916
1001 1000010445
1186 1000000638
5524 1000017491
4010 1000007178
3876 1000007170
4731 1000007172
2896 1000007174
3002 1000007176
2958 1000009543
2810 1000010015
188 1000014287
2230 1000010013
2808 1000004379
328 1000002822
1846 1000010011
191 1000004373
548 1000004371
4046 1000004377
2449 1000004375
6 1000002824
240 1000014281
2091 1000005330
5497 1000016728
4992 1000016724
2848 1000016722
5366 1000014373
3430 1000014371
181 1000014377
1814 1000005846
3935 1000014379
214 1000005336
4255 1000004159
158 1000004157
1087 1000004154
485 1000004153
2044 1000004151
1041 1000012896
2890 1000002640
130 1000000373
366 1000002642
1684 1000002312
75 1000002646
3487 1000013243
4155 1000013713
727 1000010496
2545 1000009009
141 1000013247
4362 1000009001
2410 1000009007
1606 1000009005
5000 1000016538
44 1000002002
3909 1000002000
731 1000002006
661 1000002004
1683 1000002008
4023 1000013805
5177 1000013807
3994 1000013801
3201 1000013803
2153 1000001531
5536 1000013809
5228 1000017131
2459 1000005448
4844 1000015159
3781 1000015588
2435 1000015409
3379 1000015155
4630 1000015406
3840 1000015157
144 1000015150
2505 1000015153
2138 1000003917
4863 1000011893
3239 1000011896
5595 1000011898
1016 1000017008
695 1000007786
2174 1000003320
5503 1000006788
4273 1000016268
4093 1000006839
229 1000016262
3282 1000006837
926 1000006782
2729 1000006835
1276 1000006784
2910 1000006833
3575 1000016264
1669 1000006831
5372 1000016932
3763 1000008639
4088 1000008635
5719 1000008633
5650 1000008631
2415 1000000409
2376 1000000405
3554 1000000407
1108 1000000401
5679 1000000403
871 1000006168
4349 1000006160
2175 1000006162
3217 217
3873 1000003538
1093 1000003534
1065 1000003530
5394 1000003532
5572 1000008183
5770 1000008186
3979 1000008189
3006 1000017430
400 1000010053
2080 1000010051
2424 1000010057
3871 1000009589
3081 1000009587
3912 1000009585
3335 1000009583
1861 1000009581
729 1000001752
726 1000001750
1059 1000001756
277 1000001759
1122 1000004526
1715 1000005924
962 1000005926
41 1000005920
843 1000005928
1308 1000013653
5291 1000013126
388 1000013129
5386 1000015980
988 1000001974
970 1000001972
1791 1000001979
4078 1000014589
2732 1000002258
4975 1000002256
846 1000002254
2882 1000002252
4381 1000014587
4559 1000012293
4137 1000012520
1297 1000012291
3398 1000012522
3393 1000012297
5514 1000012524
3090 1000012295
5464 1000012529
1096 1000012299
5376 1000016450
3119 1000016452
5087 1000016454
2524 1000016456
2638 1000016458
4144 1000014633
1674 1000014631
3355 1000014637
1272 1000014635
1071 1000014639
1496 1000006318
5101 1000012740
3668 1000016182
5752 1000016180
4013 1000006316
1145 1000006314
2978 1000014968
1926 1000014966
4782 1000014964
260 1000010608
4919 1000010603
5035 1000010601
3616 1000015213
4695 1000015211
1258 1000015217
3557 1000015215
2604 1000006772
2404 1000007377
2823 1000007375
2502 1000007373
1587 1000007371
3199 1000010939
1140 1000010935
4892 1000010930
1477 1000010933
2842 1000007196
5649 1000007195
2 194
5379 1000011519
808 1000014038
5144 1000011511
169 1000014030
184 1000014032
1568 1000014034
621 1000014036
2763 1000000618
86 1000004318
1550 1000000349
2327 1000000347
3693 1000000612
977 1000004316
1134 1000004311
676 1000004313
5465 1000001562
5480 1000001564
5548 1000014355
4766 1000014357
3399 1000014351
1143 1000014353
4258 1000014359
3060 1000005594
2974 1000005597
3276 1000005590
3921 1000007820
2005 1000005592
3571 1000010706
656 1000005599
1189 1000006941
2884 1000010874
3559 1000000968
1871 1000006945
2359 1000000966
4581 1000009398
1666 1000010878
5192 1000006497
5408 1000011877
1921 1000010708
664 1000009029
1724 1000009025
1622 1000009027
3423 1000009021
2560 1000009023
2092 1000002065
4739 1000013358
1761 1000002061
469 1000002063
4262 1000013351
5594 1000013826
3505 1000013353
147 1000013355
2970 1000002068
5313 1000013821
5094 1000012192
4125 1000012195
3076 1000012197
3252 1000012199
4952 1000008599
4345 1000015176
3964 1000015174
3261 1000015170
856 1000014113
1113 1000015178
5584 1305
765 1000006016
4988 1000008575
3344 1000008577
5361 1000008573
4423 1000008579
3256 1000006811
3759 1000006813
2824 1000016248
324 1000006815
2683 1000006817
3366 1000016244
353 1000006819
1826 1000006768
1551 1000016240
1506 1000016242
2411 1000003731
3867 1000003737
5467 1000003735
1540 1000008611
4686 1000008617
2672 1000008619
2995 1000000426
1601 1000000424
231 1000000422
1708 1000000420
1399 1000000428
3787 1000003885
4642 1000003881
687 1000003550
2253 1000003883
4878 1000009628
4873 1000009623
5043 1000009621
2985 1000009625
1382 1000000282
3690 1000000280
4450 1000000287
409 1000000285
3254 1000000289
3233 1000010035
1888 1000010037
4044 1000010031
3390 1000009567
464 1000010039
482 1000001775
2550 1000001771
2566 1000001773
1097 1000001778
2340 1000004052
1326 1000004050
151 1000004056
293 1000004055
4317 1000001488
1882 1000005908
3952 1000005906
3499 1000005904
319 1000005902
4380 1000005900
4434 1000013105
5731 1000013107
5496 1000013101
5706 1000013103
4474 1000016880
2177 1000001958
2406 1000005678
4301 1000005670
4460 1000005672
3008 1000001954
5159 1000005674
2521 1000001956
4515 1000005676
2200 1000002902
1314 1000002271
89 1000002900
2201 1000002273
368 1000002906
1455 1000002275
2047 1000002904
3372 1000002277
4946 1000002279
1359 1000002908
1776 1000012509
3786 1000012503
3067 1000012501
3874 1000012505
4610 1000016478
3562 1000016472
5427 1000016470
792 1000016476
255 1000016474
5304 1000014655
4929 1000014657
2013 1000014651
2758 1000014653
5552 1000014659
3711 1000012768
4895 1000012766
5566 1000012764
3988 1000012762
1766 1000006378
3339 1000006374
1252 1000006376
1431 1000006370
1582 1000006372
5435 1000009812
4691 1000009814
4054 1000009816
5436 1000009818
3184 1000014909
1209 1000014905
612 1000017303
2257 1000014907
2493 1000017306
4406 1000014903
4136 1000006599
1213 1000010621
922 1000010624
2219 1000006591
803 1000010629
565 1000006593
5314 1000006595
4369 1000006597
5103 1000015238
4458 1000015234
4190 1000015236
4295 1000015230
1299 1000015232
2909 1000007422
3887 1000007351
761 1000007353
3608 1000007355
1177 1000007424
2205 1000007357
2079 1000007359
2565 1000007429
1237 1000005978
3338 1000010956
313 1000010485
1277 1000010954
1704 1000010952
2770 1000005758
2182 1000010950
5709 1000014117
1738 1000005756
698 1000014115
58 1000010516
207 1000005970
3897 1000008747
3375 1000011688
3520 1000005752
5092 1000011684
3658 1000011686
5697 1000009228
1492 1000015788
479 1000003949
1066 1000003940
354 1000003943
320 1000003945
3971 1000015786
2136 1000003947
5246 1000011532
2522 1000011530
763 1000014017
1564 1000014015
60 1000014019
1416 1000004337
2832 1000004335
171 1000000364
960 1000004331
145 1000000368
4966 1000004339
1653 1000012889
4824 1000001546
5301 1000001548
1518 1000003997
1809 1000014337
4243 1000014335
513 1000014333
1060 1000014331
4865 1000008391
5008 1000008393
5133 1000008395
4596 1000008397
414 1000004192
3272 1000014480
2876 1000014482
2295 1000014484
2208 1000014486
317 1000014488
1596 1000006284
115 1000016236
185 1000002597
804 1000002591
505 1000002593
4772 1000013597
3991 1000013595
2242 1000013593
3107 1000013591
2616 1000016238
1792 1000009047
1061 1000009045
2543 1000009040
750 1000015820
1910 1000015822
2756 1000015824
2869 1000009049
3631 1000002739
1110 1000002049
1953 1000002047
3900 1000002045
3805 1000002043
1377 1000002737
2187 1000013373
2798 1000013371
570 1000013377
4291 1000013375
1003 1000013379
5695 1322
3091 1326
3126 1000008808
159 1000008558
889 1000008801
5588 1000008556
3318 1000008803
1194 1000008805
3497 1000016226
3071 1000006746
2623 1000006292
4912 1000016220
1721 1000002198
1597 1000006748
2724 1000006298
872 1000003716
4378 1000011949
890 1000003711
498 1000003713
4403 1000011942
4867 1000003718
3697 1000011947
3105 1000011945
1837 1000006129
3431 1000010702
5201 1000009608
3439 1000009604
4710 1000009606
4459 1000009600
4247 1000009602
579 1000004298
4419 1000010700
1917 1000004296
651 1000010549
1720 1000009549
2660 1000010017
2113 1000010540
3725 1000009541
897 1000010542
2765 1000009547
1858 1000010544
325 1000010547
2804 1000001718
3955 1000001716
419 1000001714
2950 1000001712
2549 1000003578
3476 1000003570
2999 1000003572
5367 1000003574
5398 1000003576
0 1000004079
781 1000004074
628 1000004070
3977 1000000007
5193 1000008238
3789 1000008239
5017 1000008233
1892 1000008230
5005 1000008231
3793 1000008236
5191 1000008237
4358 1000008234
5730 1000008235
4899 1000005652
3560 1000005650
3987 1000005656
2164 1000005654
622 1000005658
3116 1000002924
2674 1000002926
873 1000002920
4055 1000002922
4830 1000013167
5176 1000013165
4150 1000002928
5240 1000013163
4040 1000012569
3951 1000012565
3745 1000012567
1651 1000012561
2928 1000012563
2865 1000016418
3968 1000016414
4428 1000016416
2728 1000016410
4733 1000016412
266 1000014679
5334 1000014677
5569 1000014673
5422 1000014670
4621 1000012781
4475 1000012783
4681 1000012785
839 1000012787
682 1000012789
623 1000006356
627 1000006354
981 1000006352
3865 1000006350
825 1000006358
2345 1000013782
5782 1000013784
1676 1000009833
189 1000010342
5237 1000009837
951 1000012359
1899 1000015032
4721 1000015030
1691 1000015036
2514 1000015034
1672 1000015784
2055 1000015038
2183 1000015780
526 1000015782
2276 1000014926
1868 1000014924
4336 1000017328
2739 1000014922
4404 1000014920
2212 1000017324
1513 1000017326
2730 1000017322
3529 1000015256
5066 1000015254
3689 1000015252
322 1000015250
3775 1000015258
919 1000007401
2494 1000007403
1530 1000007409
3205 1000011333
1313 1000003963
705 1000003960
3039 1000003967
4442 1000003964
3640 1000003968
1902 1000014075
2291 1000014077
2530 1000010577
1445 1000014071
1656 1000011550
1240 1000014073
5380 1000011552
2457 1000014079
4294 1000010979
3621 1000010972
5457 1000010974
488 1000010976
5714 1000016785
2807 1000013019
5535 1000016783
680 1000014311
2992 1000014313
336 1000014316
215 1000005850
1605 1000014318
2511 1000005852
754 1000014298
2645 1000005856
3079 1000005370
5678 1000017523
5542 1000017521
4414 1000017527
5683 1000017525
1264 1000013571
5415 1000013573
2774 1000013577
5174 1000013579
360 1000017661
5179 1000009069
630 1000017663
515 1000017665
4848 1000017667
2235 1000013725
3698 1000017669
4694 1000009063
5400 1000009065
4661 1000009067
1856 1000015802
3965 1000015806
3075 1000006477
4685 1000015808
2133 1000016528
4323 1000002713
4673 1000002711
782 1000002718
4983 1000016155
5001 1000013314
5573 1000013316
5200 1000013310
2441 1000013312
5052 1000013318
2924 1000016520
1090 1000010575
3495 1000011039
267 1000011037
1511 1000011035
5762 1000011033
117 1000011030
4454 1000008822
5119 1000008820
1051 1000008826
3246 1000008824
3337 1000012043
5328 1000008828
4524 1000012047
3729 1000012045
5242 1000016208
780 1000006728
720 1000006726
167 1000006724
2348 1000006722
1269 1000016206
5787 1000011781
5490 1000011969
5481 1000011788
5139 1000011965
5441 1000011967
5016 1000011961
4882 1000011963
4416 1000009999
3845 1000009995
2651 1000009997
4238 1000009991
432 1000009993
339 1000010789
4165 1000010787
4967 1000010784
1639 1000010782
5184 1000010780
1218 1000009667
2267 1000009665
3525 1000009663
392 1000009661
736 1000009669
1301 1000003778
1777 1000007098
1426 1000007096
307 1000007094
1212 1000007092
1073 1000007090
2754 1000004273
2707 1000004270
3558 1000004277
1254 1000004275
4133 1000004279
411 1000010562
1120 1000009528
1150 1000009524
3202 1000010568
1162 1000009520
668 1000009522
4103 1000001731
1249 1000001733
1467 1000001735
412 1000001737
2012 1000001739
5613 1000007896
1413 1000007894
3982 1000003596
3747 1000007892
4701 1000007890
5712 1000003598
4455 1000007898
446 1000004016
450 1000004014
1528 1000004012
173 1000004019
2727 1000009291
5238 1000008219
5360 1000008214
5403 1000008215
5423 1000008217
5190 1000008210
5637 1000008212
3835 1000005635
1520 1000001995
3404 1000005637
3990 1000005631
3870 1000001991
1125 1000005633
2700 1000001993
4249 1000006800
3113 1000001998
1767 1000002948
517 1000002946
802 1000002944
3333 1000002942
1603 1000002940
2850 1000013140
3522 1000013142
4296 1000013144
5226 1000013146
4964 1000012230
1460 1000012544
1628 1000012234
1509 1000012540
1035 1000012238
1204 1000012548
4277 1000016436
418 1000016434
4248 1000016432
2670 1000016430
1529 1000014690
516 1000014692
4806 1000014694
2868 1000014696
3229 1000014698
3036 1000002369
249 1000002363
508 1000002361
3438 1000002365
2773 1000008672
5491 1000009858
4793 1000015014
4210 1000015016
5633 1000015010
2894 1000015012
639 1000017346
3764 1000017344
5230 1000017342
5424 1000017340
3363 1000017348
5269 1000015278
3570 1000015270
2956 1000015272
5632 1000015276
4573 1000002101
4164 1000006927
1773 1000003313
1697 1000003315
27 1000003317
4552 1000007288
2747 1000007282
847 1000007286
2836 1000007284
3293 1000003904
2615 1000003906
94 1000014058
5175 1000011577
2432 1000014056
4971 1000011575
993 1000014053
2015 1000003908
712 1000014051
2782 1000012843
1439 1000012841
837 1000012847
4331 1000012845
1036 1000012849
1994 1000010996
3193 1000010994
455 1000010998
632 1000004349
2248 1000002898
1244 1000006483
1541 1000006481
4817 1000006943
2879 1000004488
4776 1000000901
2241 1000004482
2677 1000004484
1956 1000004486
4194 1000017509
135 1000010224
5434 1000017507
4067 1000017501
708 1000017503
992 1000011644
1298 1000001505
2571 1000001503
2039 1000002882
1253 1000002553
1955 1000002880
1964 1000002886
1668 1000002557
4293 1000002884
2757 1000002888
3542 1000013556
3715 1000013554
3048 1000013085
5461 1000013087
4147 1000013081
1417 1000013083
3051 1000017643
1909 1000013089
2150 1000012801
3345 1000009086
74 1000009084
666 1000009088
865 1000005284
1020 1000015867
1365 1000015861
796 1000005282
2437 1000005288
477 1000002774
107 1000002776
2355 1000013888
699 1000013339
3291 1000006947
5051 1000013884
3963 1000013335
5188 1000013886
3768 1000013333
5550 1000013880
4032 1000013331
5272 1000013882
4020 1000012226
1600 1000012556
5638 1000012688
4363 1000012681
2891 1000012683
5041 1000012686
5777 1000016591
5345 1000016597
462 1000016077
1960 1000002088
2851 1000006006
1472 1000014732
1501 1000002082
1591 1000014730
3221 1000014736
1604 1000002086
855 1000014734
776 1000002084
4513 1000011012
4876 1000006556
4987 1000011014
202 1000011016
1948 1000011018
2817 1000016073
3100 1000008597
2568 1000008595
4773 1000012068
3159 1000006553
3271 1000008843
1383 1000012064
3307 1000012066
5018 1000012060
3234 1000008848
5723 1000012062
2598 1000006700
5205 1000006253
958 1000006702
943 1000006704
3808 1000006257
265 1000006706
4910 1000006255
660 1000004367
5141 1000015485
5108 1000015483
399 1000015481
5268 1000015488
2496 1000011904
3358 1000011902
4135 1000011900
559 1000006567
5728 1000011909
1579 1000010761
4326 1000010763
902 1000010766
3194 1000009640
4879 1000010768
3869 1000009642
2676 1000009644
2913 1000009646
2405 1000003751
1928 1000003021
2755 1000003027
1190 1000003025
2742 1000003029
2929 1000000593
3286 1000004255
358 1000000591
2539 1000004257
3598 1000004251
3624 1000000595
3589 1000004253
2622 1000004259
373 1000010505
376 1000010507
1478 1000009503
1067 1000010500
421 1000010503
2908 1000004030
375 1000004032
1898 1000004035
768 1000012949
691 1000005348
3266 1000005619
3508 1000005617
3761 1000005340
1368 1000005615
5357 1000001311
3864 1000005613
327 1000005344
875 1000005611
2725 1000005346
298 1000002960
2108 1000002962
817 1000002964
2813 1000014507
494 1000002968
1165 1000002348
1878 1000002344
2321 1000002346
4083 1000002340
3094 1000002342
4344 1000012219
1905 1000012213
4999 1000012211
1149 1000012217
4234 1000012215
3389 1000015079
4322 1000015076
2258 1000015074
1879 1000015070
5143 1000009878
4643 1000017368
5735 1000017360
1287 1000017362
1210 1000017364
4982 1000017366
900 1000015290
5442 1000015295
5063 1000015299
2117 1000007441
1743 1000007443
4840 1000007445
949 1000007447
2246 1000007449
4592 1000001429
2115 1000008476
1793 1000011464
2841 1000008753
965 1000005744
524 1000011460
5162 1000001423
1802 1000011462
1657 1000016018
1044 1000006060
1188 1000006062
301 1000006064
1388 1000007912
5096 1000007910
3370 1000007916
4220 1000007914
4407 1000007918
1693 1000003921
2272 1000012995
4941 1000011590
5725 1000011592
1219 1000008049
4130 1000011594
4008 1000011596
3308 1000008045
2058 1000011598
2375 1000012865
2874 1000000693
2066 1000000695
1543 1000012863
2315 1000012869
4224 1000003989
5091 1000007975
1954 1000003985
685 1000003986
1758 1000003232
3089 1000016200
194 1000003983
3466 1000016202
1169 1000005485
3157 1000016204
1616 1000006720
1688 1000004404
546 1000010246
3622 1000017567
3992 1000017565
2107 1000009316
1746 1000017563
219 1000010240
4976 1000017561
2222 1000017569
4804 1000000765
4956 1000013530
3910 1000013532
4881 1000017629
4794 1000017625
2466 1000017627
4660 1000017623
3846 1000015848
2436 1000015846
1095 1000014418
1170 1000015842
1155 1000015840
4237 1000014414
4603 1000017197
1864 1000017195
2260 1000017193
758 1000002578
1929 1000002576
3828 1000002574
2280 1000012663
4711 1000012661
5601 1000012667
4836 1000012665
1270 1000005403
1732 1000005401
2388 1000005407
4759 1000005405
5042 1000016579
3281 1000007418
3464 1000014718
998 1000002758
3489 1000014714
1444 1000002755
4197 1000014710
217 1000002752
2573 1000014712
2840 1000008868
187 1000008866
2318 1000008864
4348 1000008862
4741 1000012005
4227 1000012001
5696 1000012009
5562 1000006275
3010 1000006271
5253 1000006279
4700 1000007416
5520 1000016119
1483 1000006187
3305 1000006185
2772 1000006183
536 1000006181
5671 1000010748
4933 1000010741
5131 1000010747
5346 1000006986
5262 1000006984
5687 1000006982
535 1000006988
3278 1000007055
5053 1000011928
3019 1000007584
1830 1000003007
3833 1000007580
4394 1000007582
2711 1000011922
5046 1000011924
5004 1000007588
4425 1000011926
2612 1000010529
332 1000010526
286 1000010524
443 1000010521
206 1000005986
5197 1000005980
1887 1000005988
4644 1000014159
573 1000014152
1554 1000011433
1030 1000014150
1786 1000011431
210 1000014156
913 1000011437
295 1000014154
777 1000011435
245 1000008786
7 1000008782
523 1000008780
1544 1000004236
3342 1000004234
2456 1000004232
176 1000008788
3526 1000010338
5680 1000016805
5672 1000008250
3666 1000008252
5549 1000008253
869 1000004580
1828 1000010332
1633 1000004582
5636 1000004586
4813 1000004587
578 1000010330
1649 1000005362
4942 1000005360
2721 1000005366
3936 1000005364
108 1000010336
3460 1000005368
5039 1000001333
150 1000014528
359 1000010334
975 1000014522
3259 1000014520
1262 1000014526
4958 1000014524
2748 1000009128
4302 1000009120
5484 1000009126
1524 1000002326
104 1000002324
3750 1000013279
911 1000002322
700 1000002320
5359 1000013273
5556 1000013271
3161 1000013277
862 1000002328
5698 1000013275
2471 1000012279
1494 1000012275
4060 1000012277
415 1000012271
751 1000012273
561 1000015722
3125 1000015720
3681 1000015726
4589 1000015724
3585 1000015728
644 1000003775
1266 1000012499
2737 1000012493
3877 1000012495
3469 1000012497
4746 1000016389
1398 1000016381
3279 1000016383
4645 1000016385
2216 1000016387
2906 1000003498
2097 1000003491
5048 1000014893
638 1000011600
5154 1000011602
4833 1000011605
2287 1000014895
4615 1000011609
3410 1000014899
1039 1000014049
3082 1000016498
2658 1000006511
3092 1000006042
1161 1000006513
1614 1000006040
2601 1000006514
3471 1000006044
2702 1000006518
770 1000014098
3108 1000003277
1058 1000003275
116 1000014092
4445 1000003279
1289 1000014090
1881 1000014096
534 1000014094
2279 1000008066
5110 1000008064
4651 1000008062
2811 1000008060
5515 1000012807
2480 1000012805
4463 1000012803
3356 1000008068
1906 1000009526
3452 1000005684
45 1000014047
948 1000005688
797 1000001361
1535 1000012600
2320 1000012350
4541 1000017549
3940 1000013210
2629 1000002660
3663 1000010260
5298 1000017541
5587 1000017543
5239 1000017545
4355 1000017547
3930 1000012354
815 1000003593
811 1000012608
2447 1000003591
2134 1000013040
3462 1000013042
2593 1000013044
5040 1000013046
3042 1000017603
4029 1000017601
5012 1000017609
870 1000010346
2916 1000016142
3310 1000005798
3892 1000005792
937 1000005790
1790 1000005796
2383 1000005746
854 1000005794
3701 1000016639
3121 1000016631
2972 1000016633
5300 1000016635
3332 1000016637
382 1000010344
1447 1000002518
379 1000002516
2352 1000002512
2173 1000012645
1106 1000012647
3186 1000005428
1351 1000012641
3853 1000012643
3610 1000005426
3847 1000005422
1381 1000012399
5085 1000016558
4219 1000014776
4532 1000014774
5516 1000014771
4631 1000014778
233 1000012028
4119 1000008883
4995 1000008885
5013 1000008887
4228 1000008889
5135 1000012022
3141 1000012024
5330 1000012026
5132 1000006218
3450 1000006216
2062 1000006214
4338 1000006212
4068 1000006210
355 1000009932
2719 1000009930
3047 1000009936
3143 1000009934
1855 1000009938
3928 1000010728
164 1000010724
101 1000010726
5194 1000010893
1782 1000010720
4558 1000010891
84 1000010722
4871 1000015559
4476 1000009685
4254 1000009687
1505 1000009681
2369 1000009682
1389 1000015551
786 1000015553
2937 1000015555
724 1000009689
4264 1000015557
5454 1000007035
549 1000010094
1705 1000010092
333 1000010090
2010 1000010098
5563 1000016029
2028 1000003689
4108 1000003682
3463 1000003680
2871 1000003687
232 1000003684
711 1000011418
3687 1000014179
2905 1000011415
1800 1000014177
3967 1000011411
1401 1000014173
503 1000004210
4714 1000004212
4226 1000004217
4170 1000000265
4537 1000004219
4432 1000001132
4542 1000001139
5778 1000016823
3488 1000005307
3612 1000005300
2482 1000005302
1222 1000014549
2037 1000014545
3192 1000014547
1654 1000014541
4756 1000000880
4875 1000000884
2016 1000000887
3506 1000002041
4478 1000009102
4696 1000009106
892 1000009104
5411 1000009108
634 1000002308
2045 1000002652
2056 1000002301
611 1000002650
3738 1000002304
2429 1000002655
3899 1000013703
2775 1000013701
5352 1000013258
4993 1000013707
2563 1000013705
2263 1000013254
3301 1000013256
3920 1000013709
4261 1000013251
4253 1000017012
3131 1000017010
1334 1000017016
3248 1000017014
4652 1000017018
4192 1000012257
3384 1000012255
2968 1000012253
3330 1000012251
5335 1000012259
1952 1000015704
689 1000015706
2154 1000015700
453 1000015702
1294 1000015708
3755 1000008662
434 1000002119
4954 1000002161
5755 1000008431
805 1000002548
5273 1000011623
1710 1000003307
2325 1000007338
402 1000006538
427 1000006532
1167 1000006530
1046 1000006534
2302 1000006024
2093 1000006026
5024 1000006020
3667 1000006022
3669 1000006028
2137 1000004351
153 1000001784
3602 1000000300
772 1000012821
3757 1000012823
2416 1000012825
2538 1000012827
2664 1000012829
3118 1000000304
4471 1000005639
5692 1000009742
3314 1000009744
1507 1000000878
1706 1000016961
2630 1000007772
3365 1000010463
3504 1000000743
980 1000010461
3021 1000000745
1804 1000010283
406 1000010280
452 1000010287
408 1000010285
2244 1000010289
4413 1000015888
1160 1000015882
1255 1000015886
1063 1000015884
2233 1000015516
1648 1000012546
2546 1000012542
5617 1000016617
5277 1000016615
4505 1000016619
3015 1000012236
5028 1000002820
1423 1000013068
162 1000014283
1982 1000002827
2387 1000002826
3224 1000013063
4411 1000013061
3551 1000013066
2275 1000006561
5421 1000012627
3902 1000012624
5114 1000012622
345 1000012620
5280 1000005446
1302 1000016081
4393 1000012017
1495 1000005440
3134 1000016536
1070 1000016534
3635 1000016532
4284 1000016530
5387 1000014759
1248 1000002792
4280 1000014752
793 1000002790
302 1000002796
1284 1000002794
4111 1000013398
4166 1000013394
4307 1000013396
541 1000013391
5402 1000016280
3531 1000006231
1032 1000016282
5445 1000016284
5718 1000016286
1807 1000016288
2743 1000006239
4727 1000009916
2718 1000009912
3717 1000009918
4004 1000015391
3911 1000013938
4888 1000013930
3773 1000013932
2759 1000013934
5628 1000013936
4802 1000010870
1850 1000010872
4221 1000006499
4376 1000010876
3324 1000006495
1013 1000006949
3349 1000006491
3539 1000006493
3896 1000015572
3735 1000015570
4557 1000015576
1201 1000015574
5786 1000015578
519 1000007543
2589 1000007545
1808 1000007547
1354 1000011477
2180 1000008741
124 1000011473
3446 1000011470
596 1000014111
1358 1000008749
4128 1000000530
2761 1000000245
474 1000000532
1936 1000000243
2570 1000000534
4479 1000000241
2705 1000000536
490 1000000538
1482 1000000249
5703 1000016849
4061 1000004097
142 1000004095
3688 1000004092
1224 1000004090
1404 1000014566
851 1000014561
2159 1000014568
740 1000002498
694 1000002490
1263 1000002492
5204 1000002494
3001 1000002496
3677 1000005858
4854 1000009166
330 1000005328
80 1000005326
4374 1000005324
2558 1000005854
5784 1000001377
1825 1000013237
451 1000013234
4257 1000013727
1789 1000013232
4916 1000013721
3502 1000013230
3605 1000013723
5182 1000013729
2821 1000013239
5707 1000017039
1778 1000016704
2535 1000008989
1083 1000008981
16 1000008983
2292 1000008985
1795 1000008987
5331 1000016708
880 1000014130
5112 1000011452
1335 1000014134
290 1000014136
989 1000015769
225 1000015767
32 1000015763
3455 1000015761
5023 1000011869
3626 1000003187
936 1000005776
4629 1000011860
3564 1000011646
4346 1000011640
2256 1000011642
2793 1000005778
3843 1000000518
1420 1000006559
3347 1000016079
109 1000006008
21 1000006555
461 1000005950
2105 1000016075
91 1000006004
2119 1000006551
121 1000006002
5688 1000016071
362 1000006000
4391 1000001431
4713 1000007967
5681 1000015188
4366 1000015182
3034 1000015180
5560 1000015186
3851 1000015184
4783 1000003458
3235 1000003452
562 1000003456
2695 1000003454
1198 1000010112
92 1000010110
257 1000010116
1823 1000010114
679 1000010118
4540 1000007758
985 1000003988
1670 1000006734
2679 1000007754
982 1000003236
5323 1000007756
3371 1000007209
3299 1000007750
4412 1000003980
3943 1000007752
801 1000004400
2294 1000004402
2626 1000000769
4359 1000004406
866 1000004408
5031 1000000767
3758 1000017599
2734 1000000763
4774 1000017585
2777 1000009372
5098 1000017587
4991 1000009374
842 1000017581
1146 1000009376
4299 1000017583
552 1000006732
1332 1000017589
394 1000001585
1221 1000001589
5682 1000016982
2829 1000016986
2802 1000016984
5158 1000016988
5111 1000008179
5772 1000008172
2082 1000016674
2145 1000016676
1402 1000016670
4420 1000016672
3981 1000002802
284 1000002800
5290 1000016678
1241 1000002805
2003 1000002804
1548 1000013009
2077 1000013005
1783 1000013007
1458 1000013001
3145 1000013003
2666 1000012352
3975 1000005469
2523 1000012602
1343 1000012356
4812 1000012606
4984 1000005460
1937 1000005463
1703 1000005465
2528 1000005467
2245 1000016510
3350 1000016512
4102 1000016514
2048 1000016516
824 1000000366
2110 1000009545
1340 1000009979
1527 1000009974
2460 1000009972
4252 1000009970
2586 1000015371
4617 1000015373
4674 1000015375
1053 1000002111
914 1000002113
1950 1000002115
2828 1000002117
1679 1000013912
5727 1000013910
5739 1000013916
857 1000005507
773 1000013918
5546 1000017208
4372 1000006964
3098 1000006966
5342 1000006962
2803 1000006968
2557 1000015514
5050 1000007568
4797 1000015510
2723 1000015512
4815 1000007562
1079 1000007560
739 1000015518
4094 1000007564
5185 1000011984
3648 1000011981
5593 1000002148
3322 1000007698
4805 1000007696
5071 1000010859
3262 1000010853
1563 1000010851
4398 1000010857
1100 1000010855
2211 1000014139
4101 1000011450
3236 1000014132
1803 1000011454
5439 1000011327
2265 1000011456
5668 1000011325
1908 1000008765
1756 1000008767
4841 1000008761
33 1000012989
1978 1000008763
706 1000012987
1664 1000000512
1875 1000012985
3182 1000000510
96 1000012983
2613 1000000516
1747 1000012981
1378 1000000514
186 1000006619
2696 1000010589
886 1000010585
4486 1000006613
344 1000010587
2324 1000006611
2542 1000010581
4297 1000006617
1152 1000010583
5767 1000016860
2582 1000017448
848 1000010328
323 1000010321
5419 1000017440
100 1000010323
4838 1000017442
539 1000010325
3331 1000017444
690 1000009495
1347 1000009497
1320 1000001178
5700 1000009492
4209 1000001176
4594 1000001174
4604 1000001172
663 1000002472
4395 1000002470
1498 1000002476
2069 1000002474
1833 1000002478
5686 1000009148
487 1000009499
3607 1000009144
2847 1000001393
5382 1000001390
4525 1000005694
3376 1000005692
2915 1000001395
1834 1000012391
1549 1000005878
4268 1000005698
3086 1000013218
2834 1000002617
2837 1000002615
1986 1000002612
2611 1000013748
4798 1000012604
4998 1000013212
1877 1000013214
4549 1000013216
1092 1000002619
2293 1000017059
648 1000017057
69 1000017055
1353 1000017053
5759 1000017051
1141 1000008962
2351 1000008960
495 1000008966
2382 1000008964
3050 1000008969
1331 1000001829
4151 1000001827
2373 1000004261
4955 1000012168
4446 1000012162
3112 1000012164
1466 1000000237
3657 1000015740
4712 1000015742
250 1000015744
2553 1000015746
2783 1000015748
898 1000003031
5265 1000011842
1286 1000014833
2462 1000000239
1132 1000014835
4705 1000011661
3682 1000014839
4936 1000011849
4803 1000015605
3292 1000014600
5251 1000016091
1538 1000006576
2357 1000016093
4943 1000006574
3414 1000016095
2476 1000016097
315 1000016099
881 1000009512
2346 1000006578
4855 1000014604
518 1000009514
148 1000010510
1328 1000009705
819 1000009707
3428 1000009701
2989 1000009703
1811 1000009709
828 1000005870
238 1000003439
5388 1000011571
4669 1000003434
1938 1000003437
2100 1000005876
1282 1000012882
4048 1000005690
3348 1000010134
146 1000010136
126 1000010132
577 1000001398
1675 1000003037
1998 1000007732
3650 1000007221
3572 1000007730
1521 1000007223
1363 1000000704
3023 1000000702
1659 1000000700
1923 1000012340
4567 1000000708
3985 1000012612
312 1000002610
349 1000012610
4271 1000013746
2167 1000013744
40 1000003191
3250 1000007600
1977 1000006452
3026 1000013740
3893 1000008153
5499 1000008152
5105 1000008151
5788 1000008150
5163 1000008157
5629 1000008156
2781 1000004422
2021 1000004420
4065 1000004426
2193 1000004424
1801 1000016657
4914 1000016655
5482 1000016653
4415 1000016651
199 1000014243
2452 1000014240
721 1000014247
927 1000014245
1689 1000002864
840 1000002866
615 1000002860
3052 1000002862
2796 1000013027
2239 1000013025
1565 1000013023
1996 1000013021
2217 1000013029
1023 1000005483
1257 1000012377
1774 1000012371
3018 1000012373
1352 1000005489
4285 1000012379
3443 1000013410
4216 1000014794
4124 1000014796
3623 1000014790
1851 1000014792
2878 1000014798
1076 1000002289
2453 1000002281
3196 1000002285
3878 1000002287
4334 1000013683
3832 1000013687
3498 1000013685
5507 1072
5014 1070
4718 1071
809 1000009950
2190 1000009952
4225 1000015358
1018 1000009954
2925 1000009956
1599 1000009958
2380 1000015352
5433 1000015350
3860 1000013414
3185 1000015354
933 1000002133
2197 1000015684
4024 1000002131
3288 1000015686
2861 1000015680
2417 1000002135
2857 1000015682
500 1000000771
2041 1000015688
3486 1000013974
4675 1000013976
5473 1000013970
5077 1000013972
3467 1000013978
3533 1000012058
4667 1000012089
2526 1000012086
5771 1000012083
3852 1000012081
974 1000015539
3791 1000015537
2379 1000015535
3646 1000015533
1533 1000015531
3129 1000015804
297 1000009561
4371 1000016138
4142 1000010838
1859 1000006909
5260 1000010834
3730 1000006904
833 1000010836
4075 1000006902
1965 1000010830
747 1000006900
794 1000010832
1295 1000003373
1077 1000008708
4931 1000008706
4132 1000008704
2001 1000008702
738 1000008700
1832 1000012961
4143 1000012963
370 1000012965
352 1000012967
1014 1000012969
2669 1000000574
887 1000000576
2599 1000000572
2831 1000006635
5317 1000006637
813 1000006631
3603 1000006633
5658 1000000399
4996 1000000393
4752 1000000395
1009 1000000397
413 1000010303
5100 1000017462
929 1000010301
3888 1000017460
1350 1000010307
5741 1000017466
4 1000010305
3151 1000017464
2283 1000017468
4913 1000001626
4778 1000002451
2488 1000002452
2633 1000002458
1433 1000004676
1569 1000005814
4244 1000005816
2594 1000005810
3427 1000005812
391 1000005818
5146 1000013760
473 1000013766
1620 1000013768
678 1000017071
5665 1000017077
2029 1000008947
2585 1000008941
1847 1000008943
2202 1000008949
441 1000001844
1685 1000001842
1925 1000001840
1760 1000001849
90 1000002638
1236 1000014478
4205 1000014471
1485 1000015340
4480 1000002633
1322 1000014474
1105 1000002636
610 1000014476
4396 1000015342
3150 1000008492
4175 1000013559
54 1000012143
4418 1000012410
1410 1000012141
2477 1000012412
702 1000012147
514 1000012414
221 1000012145
1619 1000012416
1062 1000012418
3475 1000012149
4408 1000002554
1844 1000016300
1473 1000016302
3814 1000016306
3643 1000016308
4499 1000001983
618 1000001981
5525 1000011825
2064 1000013550
4807 1000011821
5347 1000011823
4052 1000011829
5440 1247
279 1000000643
4405 1000003849
1971 1000000864
5616 1000009726
5716 1000009724
3766 1000009720
2921 1000004363
942 1000003416
4308 1000003414
2918 1000003412
3263 1000003841
458 1000014812
835 1000014810
2431 1000014816
2206 1000014814
2572 1000000497
2533 1000000495
5758 1000000493
4071 1000000491
2157 1000010157
3421 1000010155
1139 1000010153
170 1000010151
3590 1000000869
3932 1000007249
1133 1000007710
65 1000007247
246 1000009434
3033 1000014830
5396 1000011665
447 1000015865
5232 1000005286
2581 1000005280
197 1000015863
2584 1000008134
3782 1000008137
4231 1000004448
568 1000008132
227 1000004444
2749 1000004446
2227 1000000724
2226 1000004440
2653 1000000726
2965 1000004442
849 1000005712
3906 1000005710
3146 1000005716
540 1000005714
5691 1000001450
3170 1000005718
3883 1000001454
4937 1000001456
5038 1000014265
987 1000014267
2046 1000002842
863 1000014263
2465 1000014269
5082 1000013337
510 1000014285
5581 1000009269
555 1000009267
4311 1000003511
3741 1000000654
1729 1000012318
3573 1000012314
2975 1000012312
4553 1000012310
2872 1000015338
380 1000015334
4087 1000015336
4516 1000015331
4650 1000002155
4605 1000013408
4492 1000002157
4312 1000002151
4883 1000002153
4534 1000013958
1394 1000013400
4767 1000013402
1074 1000002159
2278 1000013404
1821 1000013406
29 1000006921
3829 1000006923
3550 1000006388
4028 1000010812
5181 1000006435
845 1000006384
1623 1000006929
1665 1000006386
5732 1000006439
1369 1000006380
5293 1000016111
1517 1000006382
4250 1000010818
2900 1000003602
3303 1000003600
3552 1000007387
2393 1000003359
1338 1000007385
3796 1000003608
3249 1000003357
2583 1000003351
1390 1000003353
2880 1000008720
2492 1000011367
2555 1000008722
2323 1000011365
3095 1000008724
4421 1000011363
1329 1000008726
5498 1000011361
1799 1000008728
2944 1000012941
4791 1000011499
791 1000011369
2033 1000000557
2305 1000000555
138 1000000552
3195 1000000550
180 1000000559
2419 1000006657
3656 1000006655
1523 1000006653
4090 1000006651
5451 1000006659
5512 1000000801
2687 1000004384
364 1000000802
3510 1000004382
2794 1000000804
2071 1000010365
1361 1000009450
112 1000009452
51 1000010361
841 1000009454
1562 1000009457
5165 1000017402
423 1000009459
4874 1000017408
4469 1000017482
3821 1000004650
1745 1000004655
3509 1000009188
5713 1000009180
2209 1000009186
5426 1000005389
3776 1000005838
5653 1000005385
3824 1000005836
4109 1000005387
3518 1000005834
4624 1000005832
1922 1000005830
4595 1000003432
4329 1000016758
4859 1000016752
4648 1000016750
3397 1000016754
1784 1000005840
263 1000002439
3565 1000002437
1779 1000002435
3803 1000002433
619 1000002431
2650 1000008929
2768 1000008927
128 1000008925
300 1000005521
688 1000001861
1553 1000005523
175 1000001863
3077 1000005525
470 1000005527
1211 1000002380
4230 1000002382
2312 1000014457
877 1000002386
3059 1000002389
2984 1000014459
4324 1000012439
3582 1000012432
347 1000011448
4466 1000012436
2085 1000012434
3484 1000012124
3862 1000012127
5640 1000016328
4616 1000012121
1025 1000012123
466 1000008772
3592 1000016322
3517 1000012129
5764 1000016326
5531 1000016324
420 1000008770
3189 1000011443
631 1000014122
1566 1000005940
4309 1000011337
646 1000014120
3228 1000005946
1215 1000005944
305 1000012975
4965 1000008840
2481 1000015478
1135 1000015472
2109 1000015470
2491 1000015476
2087 1000015474
2313 1000002233
4107 1000014879
4538 1000011808
4377 1000014875
3255 1000014877
3285 1000011804
4339 1000014871
1124 1000014873
22 1000010170
589 1000010172
1592 1000010174
3879 1000010176
3485 1000010178
4760 1000013673
4583 1000016222
3 1000007261
3403 1000007263
1337 1000003299
2516 1000007265
4490 1000003295
2498 1000003297
4468 1000003291
1698 1000003293
3765 1000001299
2332 1000001296
1661 1000001294
832 1000001292
1306 1000001290
4732 1000003839
1048 1000016920
4600 1000016922
637 267
709 1000016924
4047 1000016926
2289 1000003831
2898 1000016928
405 1000003833
5664 1000007847
2510 1000003835
3578 1000003837
2166 1000004467
1810 1000004465
4870 1000004462
4204 1000004460
4304 1000004469
1671 1000005734
1516 1000005736
5704 1000016698
5785 1000001477
93 1000005732
3811 1000001474
4562 1000016692
1317 1000016690
3242 1000005738
5570 1000016696
342 1000016694
3117 1000000614
456 1000014208
381 1000014206
972 1000014204
131 1000014202
5127 1000009248
4163 1000009244
3396 1000009246
4765 1000009242
5160 1000009168
4751 1000012330
2443 1000015918
1104 1000012332
1667 1000012334
3645 1000012336
2081 1000012338
4259 1000015910
3353 1000015912
3904 1000015914
3838 1000015916
3507 1000015317
5689 1000015643
5021 1000015645
3029 1000015647
934 1000002177
3683 1000002175
1469 1000002172
5747 1000015319
1281 1000002170
2072 1000013423
2745 1000013421
983 1000013425
3903 1000006742
1999 1000006030
5643 1000012595
3719 1000012591
5137 1000012593
2389 1000014996
3106 1000014994
3599 1000014992
3769 1000014990
2111 1000014998
5321 1000016176
3133 1000016174
4690 1000016172
4314 1000016170
999 1000006418
5726 1000016178
2022 1000003336
4316 1000003625
2877 1000003334
1443 1000003627
2519 1000003620
4522 1000003330
3136 1000003623
4730 1000011341
850 1000014194
4487 1000011343
903 1000014192
1897 1000011345
2252 1000014190
2240 1000011347
4122 1000012929
4218 1000012925
5003 1000012927
1722 1000012921
1889 1000012923
5510 1000006679
4340 1000009889
4563 1000009882
4328 1000006671
2057 1000006673
2548 1000006675
4033 1000006677
1396 1000010694
2952 1000010696
5390 1000010690
5568 1000010692
5095 1000010698
1479 1000000828
4704 1000000822
3490 1000000820
5453 1000000824
4325 1000010438
5080 1000009479
5344 1000017428
4757 1000009473
2428 1000010430
909 1000009471
1958 1000017424
1608 1000009477
1752 1000017422
2966 1000009475
2254 1000017420
1737 1000003743
4939 1000004428
961 1000007100
1372 1000007102
1510 1000007104
1534 1000007107
1126 1000007106
2870 1000004108
1728 1000004105
5406 1000008158
2525 1000014581
2407 1000003023
3273 1000016773
1364 1000002411
3391 1000002413
2540 1000002415
2923 1000002417
583 1000002419
4862 1000008900
4664 1000008902
3309 1000008904
5011 1000008908
1749 1000003757
2106 1000005503
1487 1000005501
2632 1000001886
2536 1000001884
910 1000005509
5506 1000014435
5677 1000014437
1028 1000014431
5455 1000014433
5369 1000012459
422 1000012109
2740 1000012107
2274 1000012105
3220 1000012451
2420 1000016348
5431 1000006294
2943 1000016344
2912 1000016346
2310 1000016340
361 1000016342
2686 1000003242
499 1000003246
1940 1000009507
1056 1000013858
4141 1000013852
5065 1000013850
1305 1000013856
480 1000009505
5533 1000013854
4577 1000009501
3435 1000006889
4321 1000006887
3779 1000006885
4129 1000006881
5332 1000015103
5152 1000015101
5458 1000015458
4843 1000015105
957 1000015454
1425 1000015456
3639 1000015450
5030 1000011588
652 1000015452
3212 1000005806
4997 1000014857
5259 1000014855
3705 1000014859
3097 1000012375
4869 1000010914
1751 1000005481
1883 1000005487
5318 1000011752
4771 1000011756
1865 1000011754
5296 1000008686
2914 1000008684
4127 1000008680
5055 1000000453
3183 1000000451
1736 1000000457
5621 1000000455
3591 1000000459
3063 1000001273
1526 1000016908
1642 1000001275
2779 1000001277
3790 1000016902
2587 1000016900
2767 1000016906
1454 1000002608
63 1000003813
2463 1000007824
3770 1000003810
912 1000003817
3357 1000003815
4902 1000006443
5084 1000003819
4545 1000001415
4098 1000001417
3638 1000001412
321 1000014222
424 1000014224
641 1000014226
764 1000014229
4744 1000009224
5329 1000009220
4903 1000005972
1235 1000005754
3678 1000005976
5206 1000005750
3727 1000002999
2224 1000002991
1935 1000002993
2396 1000002995
2147 1000002997
5547 1000013192
4517 1000013190
4618 1000013196
4981 1000013194
3837 1000013629
3166 1000013198
1330 1000015936
684 1000015938
5586 1000013998
337 1000002194
5218 1000002196
4240 1000013992
5438 1000013990
5074 1000013996
5492 1000013994
733 1000013445
1207 1000013447
1514 1000013443
5585 1144
1411 1000016486
2139 1000016484
1687 1000015668
572 1000016482
2617 1000016480
136 1000015662
3442 1000015660
769 1000015666
4386 1000016488
633 1000015664
2179 1000012718
5368 1000012712
5655 1000012710
4199 1000012716
3287 1000012714
4693 1000016121
5639 1000006479
5325 1000016151
2282 1000016153
5660 1000006473
5219 1000016157
5724 1000015599
5263 1000015595
5446 1000015590
4191 1000015593
1278 1000012902
658 1000012900
899 1000006691
1000 1000006696
1920 1000006694
1157 1000006698
1815 1000003649
3634 1000003647
2692 1000003645
3996 1000003643
2998 1000003641
4043 1000000669
1647 1000004343
3594 1000004341
2731 1000000849
5500 1000004347
2501 1000004345
3953 1000000846
2487 1000000664
3214 1000010412
672 1000010410
177 1000009419
3444 1000010416
1658 1000010414
425 1000009415
3003 1000009417
952 1000010418
1271 1000009411
5526 1000000224
581 1000007122
2204 1000007120
789 1000007126
4702 1000007124
701 1000007128
1006 1000004167
2181 1000004164
1181 1000004163
1733 1000004692
2141 1000004161
879 1000004169
2659 1000008092
68 1000008094
5486 2739
5742 1000016714
5407 1000016712
502 1000016710
3675 1000005564
5047 1000005566
2569 1000005560
2902 1000005562
3148 1000005568
1031 1000002699
1519 1000014416
1082 1000002695
979 1000014412
1203 1000002690
2716 1000014410
3367 1000013291
3472 1000013293
2605 1000013295
5320 1000013297
1098 1000012476
4980 1000012474
5247 1000012472
5590 1000012470
1912 1000016366
3412 1000016364
3251 1000016362
4973 1000016360
2712 1000016127
401 1000016369
5117 1000011399
3925 1000000306
4904 1000005342
3343 1000002039
2017 1000002033
3326 1000002031
1251 1000002037
4091 1000002035
4382 1000013878
2215 1000013874
755 1000007318
4947 1000013876
1136 1000013870
3815 1000013872
1360 1000006860
4708 1000006862
1741 1000009788
4707 1000006866
3317 1000009786
4266 1000009780
3949 1000015436
5168 1000015432
2854 1000015121
3941 1000015430
4716 1000015123
3672 1000003500
4092 1000014501
3139 1000017495
5289 1000014503
4041 1000017493
3298 1000016949
4885 1000014505
2843 1000010447
2976 1000008528
3037 1000005292
2341 1000003782
2067 1000003780
48 1000003787
1644 1000003784
1901 1000003789
3373 1000005294
1386 1000011734
3320 1000011736
5312 1000011730
4214 1000011732
2947 1000011738
5744 1000000474
3494 1000000476
3328 1000000470
2308 1000000472
465 1000000478
4184 1000007809
606 1000001786
2156 1000001780
4835 1000016965
1857 1000016967
2371 1000007804
1574 1000001788
2706 1000016963
1265 1000007807
3473 1000003875
2076 1000003877
5120 1000003871
3530 1000003873
395 226
5123 1000003879
253 1000010063
62 1000010061
1379 1000010067
445 1000010065
429 1000001258
1580 1000001252
416 1000001256
1780 1000001254
4350 1000009203
17 1000005770
4676 1000005772
1290 1000005958
2366 1000001439
1717 1000005954
4269 1000001436
88 1000005956
3543 1000001433
5694 1000005952
2529 1000002200
5106 1000013609
3732 1000002202
1593 1000002204
3354 1000002206
2135 1000013603
603 1000002208
1296 1000013601
2577 1000013607
5746 1000015952
896 1000016260
3290 1000013462
512 1000001921
788 1000001925
718 1000001927
4530 1000014608
5475 1000015609
5428 1000014602
3670 1000015607
4482 1000014606
3527 1000015603
350 1000014951
3381 1000014954
4790 1000012738
4932 1000012734
4822 1000012736
208 1000006450
2231 1000006323
2646 1000006320
2337 1000006454
2051 1000006327
654 1000006456
5121 1000006325
1813 1000006458
2979 1000006329
2178 1000009591
1497 1000011386
348 1000010047
3917 1000011381
798 1000011383
1400 1000011388
4810 1000009596
1395 1000010651
13 1000010653
1655 1000010655
4586 1000010657
1539 1000010659
2606 1000007320
463 1000003662
2962 1000003664
4658 1000007324
4448 1000003666
4072 1000007326
1624 1000003668
5343 1000000867
5073 1000004365
1975 1000010389
5395 1000000640
3359 1000000863
2036 1000004361
4655 1000000860
384 1000010383
858 1000010387
1042 1000010385
2791 1000010475
1819 1000009436
1612 1000010477
527 1000005874
3068 1000009432
3453 1000010473
2534 1000009430
3777 1000010479
1894 1000009438
2400 1000007144
2904 1000007146
2776 1000007140
133 1000007142
1086 1000007148
1449 1000003155
3163 1000005898
674 1000005894
1316 1000005896
1930 1000005890
2454 1000005892
4627 1000016134
256 1000016738
4507 1000016730
3848 1000016732
601 1000016734
5214 1000016736
2089 1000014728
1418 1000014387
3388 1000014385
2839 1000014383
742 1000014381
904 1000004148
30 1000004141
626 1000004142
1088 1000004145
46 1000004147
3210 1000005549
3707 1000005547
2473 1000005545
3884 1000005544
2322 1000005542
852 1000005540
1988 1000002741
1500 1000014726
2304 1000002018
3945 1000002014
1151 1000002016
4236 1000002010
4357 1000002012
5315 1000013817
4186 1000013815
5326 1000013813
5710 1000013811
5452 1000015419
3532 1000015148
2752 1000015146
901 1000015144
3540 1000015413
1010 1000015142
1174 1000015415
3128 1000015140
3538 1000015417
2971 1000006849
454 1000006843
1765 1000006841
1806 1000006847
4620 1000006845
377 1000003705
4200 1000011719
5356 1000011717
3726 1000011715
4880 1000011713
4789 1000011711
3364 1000000418
459 1000000416
2859 1000000414
3447 1000000411
1148 1000006158
5774 1000006152
5198 1000006154
2364 1000006156
734 1000016947
5057 1000016945
2849 1000016943
3065 1000003859
4896 1000016940
5079 1000003857
163 208
4217 1000003855
3652 1000003853
3432 1000003851
3402 1000009598
1307 1000010049
604 1000010045
4780 1000009593
1011 1000010042
969 1000001233
3420 1000005936
771 1000005934
2034 1000005932
1595 1000005930
1195 1000005938
3336 1000013668
4745 1000013664
725 1000013666
2330 1000013660
5753 1000015978
2032 1000013480
4282 1000013483
5364 1000013485
2168 1000013487
3175 1000013489
2300 1000001903
693 1000001908
2518 1000002229
1021 1000002223
1392 1000002221
5505 1000014591
4781 1000014596
1557 1000002225
4969 1000012533
5404 1000012531
3998 1000012537
5167 1000012535
2552 1000012285
4180 1000012287
3378 1000012281
2343 1000012283
3492 1000016442
4654 1000016440
3703 1000016446
3947 1000016444
2875 1000016448
4126 1000015623
4646 1000014629
703 1000015620
3237 1000014625
4105 1000014627
1711 1000014621
2504 1000014974
3802 1000014976
59 1000014970
1635 1000014972
4539 1000014978
1435 1000012755
5657 1000012750
2451 1000006306
1430 1000006300
1723 1000006308
507 1452
4031 1000015083
3429 1000015081
5178 1000015087
647 1000015085
4389 1000015089
5097 1000014598
2468 1000010679
2060 1000010673
1919 1000010671
363 1000010677
79 1000010675
3654 1000007308
3827 1000002227
262 1000007300
1990 1000007306
2661 1000014594
1663 1000000624
4729 1000017488
1853 1000010459
940 1000000622
2485 1000010457
4464 1000010455
2590 1000010902
270 1000010453
5058 1000000628
746 1000010451
404 1000010906
4222 1000007168
2331 1000007166
2911 1000007164
2161 1000007162
4649 1000008120
113 1000014028
533 1000014022
5049 1000011501
757 1000014026
4597 1000011507
3231 1000014024
4635 1000011505
3374 1000004309
643 1000004307
883 1000004305
259 1000004303
520 1000004301
1393 1000001579
4213 1000001577
3449 1000001575
5216 1000014361
5202 1000007596
2163 1000014363
5574 1000014365
1972 1000014367
3247 1000014369
3296 1000008363
4511 1000007594
2030 1000008367
1192 1000006420
2068 1000003035
338 1000007590
5609 1000016012
675 1000014104
3524 1000006425
2964 1000009019
2955 1000009011
2806 1000009013
4599 1000009017
4121 1000006427
2830 1000013838
4449 1000002074
2006 1000013349
1427 1000002072
3383 1000002070
1984 1000013830
1200 1000013832
3807 1000013341
4565 1000013834
4039 1000013347
2609 1000002078
5399 1000013345
2541 1000014257
5647 1000017101
5737 1000017107
994 1000002858
4045 1000015161
1019 1000015163
4531 1000015165
4582 1000015168
5186 1000011883
4585 1000011881
5606 1000011889
3881 1000000691
5666 1000012867
1615 1000008560
2892 1000016278
3723 1000006829
3537 1000006798
2210 1000006825
4435 1000016270
1631 1000006827
25 1000016272
5780 1000006821
1118 1000016274
4429 1000006823
2124 1000006790
2957 1000008621
5673 1000008623
4026 1000000431
2053 1000000433
732 1000000435
4452 1000000439
3198 1000006173
3633 1000003526
3804 1000003524
4535 1000003528
5187 1000008196
5157 1000008195
4821 1000008194
5416 1000008193
2461 1000008192
4159 1000008191
3915 1000008190
5392 1000008199
2671 1000008198
4753 1000000295
1699 1000000297
3394 1000000291
3216 1000000293
66 1000010026
3553 1000009573
410 1000010024
5558 1000009571
3142 1000010022
1817 1000009577
114 1000010020
3088 1000009579
428 1000010029
2819 1000001741
235 1000001743
1371 1000001746
2639 1000001748
1247 1000004536
713 1000004530
52 1000005918
296 1000005910
1560 1000005912
749 1000005914
390 1000005916
5258 1000013131
867 1000013133
2063 1000013135
2194 1000013137
1575 1000013640
4096 1000013649
3749 1000005668
3041 1000005662
3653 1000005660
1787 1000005666
4636 1000005664
2959 1000001964
1872 1000001966
47 1000001960
165 1000001962
1589 1000001968
2269 1000002248
2095 1000002246
3521 1000002241
2949 1000002243
1239 1000012515
1038 1000012511
343 1000012513
3445 1000012518
4409 1000016464
4829 1000016466
1552 1000016460
3085 1000016462
1966 1000016468
1193 1000014643
1709 1000014641
4112 1000007788
5607 1000012779
3760 1000012772
5234 1000012774
4801 1000012776
396 1000006366
823 1000006364
1903 1000006362
2467 1000006360
4831 1000009802
4722 1000009800
440 1000014918
4335 1000014916
2597 1000014914
492 1000014911
3713 1000006589
1660 1000010619
2414 1000006582
2083 1000006580
4816 1000006587
3636 1000010613
2361 1000015208
496 1000015200
5620 1000015204
5722 1000015206
1617 1000007369
785 1000007365
2390 1000016266
3961 1000007367
291 1000007361
4611 1000006786
1754 1000010922
4009 1000010920
4792 1000010926
448 1000010924
476 1000010928
2448 1000007180
1796 1000011698
2103 1000007182
3825 1000007184
5610 1000011692
973 1000011690
5002 1000011696
3576 1000011694
137 1000003952
1525 1000003950
179 1000003956
5555 1000007984
925 1000003955
844 1000014008
3957 1000009314
5721 1000009648
5773 1000014004
5370 1000014000
4402 1000011522
655 1000004320
4677 1000004322
3997 1000000359
716 1000004325
5463 1000000609
3868 1000004327
2250 1000000607
3171 1000004329
1583 1000000357
2591 1000000351
5470 1000000353
4173 1000001558
2800 1000014349
3905 1000014343
1344 1000014341
783 1000014347
3323 1000008381
1748 1000008387
209 1000004184
299 1000004187
67 1000004181
504 1000005274
1424 1000005276
882 1000005270
1694 1000005272
2132 1000005278
5765 1000015321
3454 1000002146
1769 1000009388
2116 1000009380
5250 1000009382
2866 1000002586
5006 1000013940
967 1000002584
2588 1000002582
1794 1000002580
4292 1000013581
5209 1000013583
2610 1000013585
2967 1000002588
3005 1000013587
2547 1000002808
4073 1000001301
2259 1000015838
4354 1000009036
5309 1000009034
3886 1000015832
2883 1000005582
2065 1000015830
4364 1000005580
3901 1000015836
3411 1000005376
2820 1000015834
1376 1000005584
2733 1000002059
2579 1000002729
1015 1000002051
3087 1000002053
2644 1000002055
4740 1000002057
5189 1000013368
2863 1000013364
1896 1000013366
3096 1000013360
3046 1000013362
4484 1000012186
5432 1000012182
5072 1000012180
5207 1000012188
3812 1000010908
3597 1000017486
3405 1000017480
2207 1000008818
2214 1000008812
2698 1000014530
1184 1000008810
5093 1000008543
4430 1000008816
4437 1000008545
5153 1000014532
372 1000006807
2412 1000016252
3625 1000016250
3413 1000006802
5466 1000006776
827 1000016258
946 1000006809
1967 1000003720
3574 1000015844
2710 1000003724
3831 1000003726
1428 1000003728
5652 1000008607
5583 1000008603
4288 1000008601
5381 1000008609
5377 1000003544
4668 1000003546
2170 1000003540
2018 1000003548
4385 1000009638
4521 1000009630
2987 1000009632
2814 1000009634
4858 1000009636
3752 1000010009
484 1000010558
195 1000010001
23 1000010551
77 1000010556
1502 1000010005
2102 1000010554
3580 1000010007
1742 1000009555
1229 1000001769
1156 1000009557
607 1000009551
511 1000001763
435 1000001761
3144 1000001767
1094 1000009559
2503 1000001765
4183 1000003899
1238 1000004041
1475 1000004044
717 1000004047
5276 1000001496
5212 1000001492
5769 1000016890
4171 1000005648
1312 1000001949
1987 1000001947
1602 1000005645
1471 1000001945
3177 1000005647
2061 1000001943
436 1000001941
1854 1000005643
2889 1000002266
1197 1000013119
931 1000002264
1217 1000002914
2720 1000002916
2818 1000002918
1047 1000013117
5580 1000013115
2903 1000002268
5717 1000012579
5544 1000012577
4613 1000012575
3408 1000012573
4341 1000012571
1225 1000016408
3024 1000016406
4099 1000016404
1775 1000016402
3680 1000016400
5261 1000014668
4313 1000014662
2662 1000014664
3555 1000014666
3111 1000012793
582 1000012791
3218 1000012797
196 1000012799
2766 1000006341
1927 1000006344
1805 1000006346
2050 1000006348
198 1000010055
775 1000010059
5711 1000009824
5596 1000009826
5605 1000009820
5699 1000009822
964 1000014930
2816 1000014932
2690 1000014934
1576 1000014938
3857 1000017310
5292 1000017312
5134 1000017314
4520 1000017316
1609 1000010637
78 1000010635
3739 1000010633
2654 1000010631
1946 1000010639
4242 1000015222
3662 1000015220
584 1000015226
1913 1000015224
3313 1000015228
4176 1000007431
1470 1000003391
251 1000007433
1166 1000007342
2186 1000007437
2328 1000003397
2464 1000007439
2221 1000007349
778 1000010946
2812 1000010941
3809 1000010943
1261 1000010948
5575 1000012669
4392 1000014818
2311 1000010808
686 1000003979
551 1000003974
426 1000003977
4077 1000003971
3135 1000003973
1045 1000014067
1542 1000014065
2307 1000014062
3850 1000014060
3154 1000006911
2483 1000014069
3785 1000000377
521 1000012894
123 1000010498
2827 1000012891
2368 1000000372
3385 1000000370
168 1000010493
28 1000010491
4267 1000012898
4886 1000000379
2027 1000001535
3822 1000001533
4866 1000016799
5615 1000016791
1421 1000014329
346 1000014324
991 1000014326
2844 1000014320
303 1000014322
2427 1000000857
3535 1000010159
2155 1000014497
5284 1000014495
3275 1000014493
2232 1000014490
3103 1000000499
1641 1000014716
5034 1000014499
4298 1000006780
417 1000008365
4089 1000013563
550 1000013561
2940 1000013567
5060 1000013565
4633 1000013569
602 1000009054
3536 1000009056
4784 1000015818
258 1000009052
3027 1000015816
1268 1000015810
2088 1000009058
5195 1000015812
1719 1000002703
3801 1000013306
2574 1000013304
1142 1000013302
2607 1000013308
4907 1000007711
821 1000013121
340 1000011048
560 1000011046
1131 1000011044
3926 1000008838
2708 1000008834
2422 1000008836
1818 1000008830
5750 1000008832
5648 1000006759
3200 1000006753
5449 1000006751
5766 1000006757
5522 1000006755
467 1000016234
620 1000006286
1613 1000016230
3461 1000016232
4198 1000006288
1976 1000011959
5567 1000011951
5337 1000011953
3780 1000011955
3584 1000011957
558 1000006137
1448 1000006131
4612 1000010799
812 1000010791
2717 1000010793
2220 1000010795
2715 1000010797
4001 1000009612
3569 1000009610
5401 1000009617
3978 1000009614
5081 1000009619
1714 1000007088
3245 1000003709
4533 1000003703
1578 1000007081
1033 1000003701
1008 1000007083
1734 1000003707
681 1000007086
2370 1000004281
2025 1000010579
4110 1000009539
4506 1000009537
3647 1000009535
2517 1000009533
683 1000009530
820 1000010573
1735 1000001709
918 1000001705
1356 1000001704
118 1000001703
4614 1000007882
5604 1000007884
2680 1000007886
3329 1000003568
3696 1000007888
3615 1000003566
1755 1000004061
1968 1000004060
956 1000004067
968 1000004065
2942 1000009281
3872 1000009283
4182 1000009285
3269 1000009287
3548 1000008229
4909 1000008228
4488 1000008221
5611 1000008220
3614 1000008223
4749 1000008227
4823 1000008226
3919 1000005627
3315 1000005625
2049 1000005623
1625 1000005621
3238 1000005629
531 1000002938
971 1000002932
1049 1000002930
139 1000002936
3294 1000002934
2621 1000013179
4337 1000013174
2893 1000013177
5122 1000013171
1348 1000012550
3187 1000012552
2007 1000012221
1327 1000012554
737 1000012224
11 1000012558
3916 1000012228
2567 1000016420
954 1000016422
4233 1000016424
4343 1000016426
2788 1000016428
2384 1000014683
4568 1000014681
1570 1000014686
182 1000014688
1762 1000013799
5642 1000013791
5644 1000013793
5624 1000013795
4410 1000013797
5521 1000017083
5278 1000009847
3257 1000009843
3660 1000009841
2446 1000015792
1275 1000015790
2945 1000015797
2099 1000015024
2580 1000015795
3720 1000015026
1375 1000005322
2648 1000017332
2500 1000017330
3724 1000017336
650 1000017334
3959 1000017338
1385 1000009442
590 1000009440
3009 1000015244
3966 1000015246
4864 1000015240
2981 1000015242
1128 1000009446
571 1000014583
2663 1000007414
1112 1000009444
5037 1000011322
1138 1000002250
4081 1000011320
3534 1000001141
5410 1000011569
4063 1000003914
2655 1000003912
1682 1000003910
3664 1000000721
42 1000014042
625 1000014044
4333 1000011566
538 1000003919
4035 1000002076
2554 1000008139
3844 1000008138
3581 1000010969
1179 1000010967
4723 1000010965
3038 1000010963
228 1000010961
3642 1000001459
3587 1000012527
2600 1000014307
1904 1000014305
1939 1000014303
81 1000014300
1256 1000014309
2838 1000003005
2342 1000007586
341 1000003001
3334 1000003003
3058 1000004490
5761 1000017539
5456 1000010218
3841 1000017531
3302 1000010210
4832 1000017533
5551 1000010212
5720 1000017535
5203 1000010214
5244 1000017537
4850 1000003009
4945 1000001511
3459 1000001513
1559 1000002546
1397 1000002544
822 1000002894
2946 1000002896
1944 1000002890
5090 1000002892
1701 1000013097
5534 1000013095
4734 1000013093
5355 1000013091
3500 1000013099
5554 1000017657
4014 1000009077
2120 1000009075
2349 1000017659
4825 1000009071
3478 1000015874
4619 1000015872
4424 1000015870
3819 1000015878
4289 1000013329
1836 1000002090
5075 1000013896
5405 1000013894
3162 1000013324
5701 1000013890
3382 1000013327
468 1000002844
5493 1000014261
1532 1000002840
4827 1000005393
4379 1000011028
723 1000011024
1412 1000011020
5414 1000011022
105 1000008856
3568 1000008585
242 1000008854
5142 1000008587
624 1000008852
5378 1000008581
4963 1000008583
3215 1000012050
3632 1000012052
2986 1000008858
2334 1000006738
4367 1000016218
3834 1000016216
4851 1000016214
1321 1000016212
2358 1000016210
4021 1000015490
2489 1000015492
2825 1000015496
574 1000015498
5375 1000011973
4489 1000011971
5287 1000011794
4352 1000011977
4930 1000011792
3547 1000011975
4543 1000011979
5635 1000011798
5078 1000011493
2932 1000006312
3422 1000009983
2694 1000009981
1860 1000006310
3191 1000009987
3993 1000009985
2596 1000009989
2395 1000010773
1370 1000010771
4897 1000010776
1677 1000010778
272 1000009675
1052 1000009677
1183 1000009671
3875 1000009679
4300 1000007063
3974 1000003765
26 1000007069
5389 1000003761
2392 1000003763
3618 1000000232
4548 1000004263
4800 1000000231
1727 1000000589
4738 1000004266
1918 1000000584
5161 1000004268
2635 1000000587
2213 1000000580
3516 1000000582
20 1000009510
39 1000010514
268 1000010512
1491 1000009516
1279 1000009518
64 1000010519
715 1000001727
403 1000001725
1387 1000001723
2086 1000001721
157 1000001729
4915 1000007606
710 1000003580
4849 1000003582
4456 1000007602
2578 1000003584
5104 1000003587
5172 1000003589
744 1000007609
2930 1000004004
2123 1000004006
5669 1000004000
874 1000004002
2377 1000004009
2934 1000001182
5255 1000008204
4680 1000008209
5478 1000008208
4526 1000005609
5126 1000005358
3641 1000005352
3035 1000005601
4058 1000005350
1874 1000005603
5215 1000001987
2019 1000005605
5614 1000005354
2290 1000011439
1034 1000014510
149 1000014516
2939 1000002958
2298 1000014514
3004 1000002954
1109 1000014518
282 1000002956
1504 1000002950
1324 1000002952
3544 1000013157
2162 1000013152
2936 1000013150
1961 1000013159
5397 1000012207
3709 1000012201
2126 1000012203
4554 1000012209
2326 1000004238
935 1000002378
1078 1000002371
2121 1000002373
2401 1000002375
1123 1000004230
894 1000015008
4761 1000009866
407 1000015002
4495 1000015000
2506 1000015006
4564 1000015004
5029 1000017354
3140 1000017350
5166 1000017352
2931 1000017358
4188 1000015268
5384 1000015266
4574 1000015264
4764 1000015262
4580 1000015260
4706 1000006796
201 1000007477
3855 1000008449
4911 1000006794
3160 1000008441
3797 1000008443
4953 1000008445
5748 1000008447
1137 1000006792
730 1000016276
5538 344
4556 346
5641 342
3718 343
5199 1000016006
1536 1000003938
2771 1000007291
1572 1000003240
605 1000003934
3007 1000017577
2474 1000011582
3172 1000011580
5248 1000011586
5252 1000011584
3321 1000008056
5528 1000008054
1336 1000008051
1409 1000012851
4451 1000012853
4208 1000012857
3056 1000012859
1102 1000010981
741 1000010983
1486 1000010985
4724 1000010987
3577 1000010989
1893 1000006917
3931 1000010180
3685 1000010182
2801 1000010186
4145 1000017513
5469 1000017511
4697 1000017517
4375 1000017515
3695 1000017519
953 1000012133
2158 1000002565
3387 1000002561
316 1000002563
5561 1000013526
193 1000013524
280 1000012423
2668 1000013520
3795 1000017639
2709 1000017637
438 1000017633
4251 1000017631
649 1000015859
4788 1000009092
748 1000009096
595 1000015850
4920 1000009098
1216 1000015852
836 1000005290
1027 1000015854
2196 1000005296
3842 1000015857
5227 1000013950
2000 1000017181
2512 1000017183
334 1000017185
4748 1000017187
2508 1000017189
4755 1000012698
4637 1000012696
5316 1000012692
3767 1000016589
3704 1000016587
509 1000016585
1588 1000016583
2004 1000016581
2691 1000002749
2634 1000014720
2990 1000014722
3972 1000014724
2919 1000002747
609 1000011007
1450 1000011004
597 1000011002
178 1000011000
3817 1000008870
1464 1000008872
4203 1000008874
1981 1000011009
2983 1000008877
5358 1000012070
3595 1000012077
4265 1000012074
226 1000006716
4736 1000006243
2509 1000006714
5327 1000006245
2627 1000006712
5036 1000006247
3020 1000006710
4401 1000006249
1739 1000006718
5577 1000011915
5297 1000011917
5618 1000011911
4750 1000011913
1838 1000010754
5067 1000010756
2564 1000010751
4104 1000009659
4737 1000009657
289 1000010759
3856 1000009650
2917 1000003747
2853 1000003745
5600 1000007047
4017 1000007592
3457 1000003741
365 1000003039
4011 1000007598
119 1000010538
50 1000010531
15 1000010533
310 1000010535
155 1000005990
1867 1000005992
1947 1000005994
1522 1000005996
1788 1000005998
1231 1000004248
3740 1000004242
3946 1000004240
5299 1000004246
143 1000004027
670 1000004024
1185 1000004022
1341 1000004021
4566 1000005378
5229 1000005374
4156 1000001303
3823 1000001305
810 1000002977
1457 1000002975
3894 1000014537
386 1000002973
1333 1000002971
2130 1000014539
868 1000002979
5602 1000010139
4550 1000009132
4889 1000009130
3742 1000002352
1843 1000002350
3651 1000002356
1273 1000002354
1089 1000012269
2131 1000012267
2146 1000012264
659 1000012262
3493 1000015068
1678 1000015064
3197 1000015066
1442 1000015060
2228 1000015062
5147 1000017378
4601 1000017376
5070 1000017374
4657 1000017372
5745 1000015280
3813 1000015284
4169 1000015286
4940 1000015288
1640 1000007459
2255 1000000345
5266 1000012483
5385 1000012481
1974 1000012487
2649 1000012485
1816 1000016398
3880 1000000616
5612 1000016393
4622 1000016391
4894 1000016397
2490 1000016395
2458 1000003489
2285 1000003480
3579 1000003484
2960 1000011611
2833 1000014889
2125 1000005410
3061 1000014885
2009 1000014887
1880 1000014883
4845 1000010816
3110 1000006503
5282 1000006431
2643 1000006058
5383 1000006507
3174 1000006505
4003 1000006054
5661 1000016025
1339 1000006056
1992 1000006509
2885 1000006050
2444 1000006052
5656 1000006437
1228 1000007900
5069 1000007902
563 1000003268
4890 1000007904
4327 1000007906
5365 1000007908
1232 1000003266
5472 1000010810
2338 1000008070
1845 1000014085
4472 1000008072
1637 1000014087
5151 1000008074
1283 1000014081
1250 1000014083
222 1000012873
4361 1000012871
2336 1000012877
4960 1000005774
5437 1000012875
2948 1000000687
3180 1000000685
4682 1000016117
4994 1000000683
2040 1000000681
4754 1000016113
3512 1000003606
4022 1000003604
3541 1000000489
4510 1000017575
1673 1000009303
3044 1000017571
4901 1000017573
586 1000010252
2455 1000017579
1168 1000010258
5518 1000011491
4383 1000013501
4990 1000013050
2236 1000013055
1545 1000013508
4934 1000013059
3120 1000017611
1626 1000017612
4795 1000017615
5138 1000017617
3818 1000017619
2784 1000016629
4820 1000016623
3032 1000016621
1598 1000016627
4053 1000016625
1432 1000002500
3164 1000013647
3470 1000007251
2527 1000013645
5222 1000012671
5754 1000005418
2753 1000012673
3889 1000012675
3849 1000012677
5532 1000012679
5374 1000013643
2922 1000005412
859 1000005414
3771 1000005416
4059 1000016560
5171 1000016562
5775 1000016566
5619 1000016568
120 1000014702
154 1000014700
1116 1000014706
2042 1000014704
878 1000014708
4560 1000008891
1119 1000008896
5443 1000008894
3319 1000008898
4926 1000006269
5483 1000012013
5288 1000006263
5740 1000012019
2657 1000006198
3043 1000006194
4196 1000006196
564 1000006190
4439 1000010889
3665 1000010739
4735 1000010880
2288 1000010737
369 1000010734
542 1000010884
1995 1000010730
1017 1000010887
3686 1000006994
2897 1000015549
5305 1000006990
5537 1000006992
2333 1000015543
557 1000015541
2247 1000006999
2309 1000015547
814 1000015545
4436 1000003019
2306 1000003013
3351 1000003011
1839 1000003017
4518 1000007023
838 1000003015
3586 1000011938
5553 1000011936
5494 1000011932
4927 1000011930
1205 1000010080
357 1000010082
2954 1000010084
444 1000010086
1607 1000010088
585 1000011429
1325 1000014148
1547 1000014141
2744 1000011420
73 1000011423
3907 1000014145
49 1000011427
2165 1000008795
3679 1000008797
111 1000008791
3519 1000004228
2297 1000008793
1934 1000004225
3104 1000000277
5022 1000000275
2750 1000008799
2969 1000000273
4433 1000004223
4514 1000000271
5663 1000016817
5107 1000008249
4116 1000008248
5088 1000008247
3810 1000008246
5479 1000008244
3611 1000008243
5430 1000008242
1610 1000008241
5630 1000008240
205 1000004591
271 1000005317
3983 1000005315
2059 1000005313
449 1000005319
3960 1000014559
3890 1000014557
2862 1000014555
3258 1000014553
1759 1000014551
4698 1000000893
5715 1000000891
4167 1000000896
5136 1000000894
4342 1000000895
4799 1000009118
4906 1000009116
5220 1000009112
5598 1000013269
544 1000002334
1573 1000002336
2104 1000002330
784 1000002332
3295 1000013260
575 1000013262
3820 1000013264
4211 1000013267
4509 1000004386
3127 1000012243
614 1000012245
4536 1000012247
5211 1000012249
5267 1000015046
2075 1000015732
2797 1000015734
82 1000015736
5702 1000015048
4598 1000017392
4519 1000017394
1172 1000017396
2249 1000017398
4529 1000010882
5113 1000017404
275 1000010732
2799 1000017406
2614 1000008405
4860 1000008407
2378 1000008401
5502 1000008403
3114 1000006996
1842 1000003462
995 1000003460
326 1000003466
1415 1000003464
1561 1000003468
3362 1000011634
4688 1000011636
3895 1000011631
3863 1000008058
1064 1000006524
1499 1000006526
4444 1000006032
2701 1000006522
2738 1000006528
4095 1000006038
3816 1000004476
3794 1000000737
3748 1000012819
885 1000012817
4438 1000012811
2011 1000012813
4139 1000009758
5557 1000009752
5729 1000009750
5235 1000013823
5627 1000007928
4246 1000007922
5527 1000007920
2354 1000007926
3264 1000006046
5564 1000017559
616 1000017557
2991 1000017555
3124 1000017553
2251 1000017551
2787 1000016686
3479 1000013074
4503 1000013076
2286 1000013070
4274 1000013072
3691 1000013079
4777 1000015894
3706 1000015896
2751 1000015890
3772 1000015892
5311 1000015898
3425 1000005788
945 1000005780
1702 1000005782
4201 1000005784
3206 1000005786
3316 1000016609
3283 1000016605
4388 1000016607
5393 1000016601
3684 1000016603
728 1000002520
1374 1000002830
241 1000002526
4056 1000002838
4305 1000012659
2899 1000010352
1111 1000012653
4181 1000012651
1037 1000012809
4390 1000012657
1970 1000012655
2786 1000012385
3954 1000005432
288 1000012387
3222 1000005430
1465 1000012381
3115 1000005436
4118 1000012383
1957 1000005434
4974 1000016542
1932 1000016540
1945 1000012389
3743 1000014765
475 1000002786
4544 1000014761
122 1000002781
4587 1000014763
4168 1000013389
83 1000013387
1895 1000013385
1484 1000002788
3181 1000013383
200 1000013381
2988 1000012039
3774 1000012037
5083 1000012034
4819 1000012032
4174 1000012030
2618 1000006208
2052 1000006206
3619 1000006200
3938 1000006202
3999 1000009920
4609 1000015381
4762 1000015383
2697 1000015385
4036 1000015387
4742 1000013922
4038 1000013920
4074 1000013926
2855 1000013924
1456 1000010710
3482 1000010863
3609 1000009699
4948 1000010861
2640 1000010714
3102 1000010867
220 1000010716
1822 1000010865
1991 1000009693
593 1000009691
1187 1000009697
1490 1000009695
2129 1000015568
1346 1000015565
2895 1000015561
3178 1000015563
3908 1000007552
1962 1000007001
5413 1000007550
4728 1000007556
5225 1000007558
1686 1000003699
3989 1000003691
3898 1000003693
4353 1000003695
1452 1000003697
722 1000011403
677 1000011401
224 1000011407
1373 1000011405
3017 1000014169
4662 1000000522
1069 1000000251
501 1000000520
2316 1000000253
719 1000000526
4785 1000000524
3083 1000000528
2160 1000014570
1692 1000014572
5749 1000014575
4320 1000014577
3014 1000014579
3073 1000014143
5667 1000014147
1081 1000005848
4921 1000009173
5155 1000009170
1080 1000005842
2993 1000005332
3929 1000005334
3806 1000005844
234 1000002648
1366 1000002318
4270 1000002316
917 1000002314
311 1000002644
2426 1000002310
4653 1000013711
4950 1000013241
3783 1000013715
3011 1000013245
4138 1000013719
4114 1000013249
5044 1000017000
5559 1000017002
5350 1000017006
4400 1000004221
3546 1000006763
5418 1000006761
4809 1000008427
2385 1000008425
4462 1000016246
5351 1000008421
4575 1000007857
3392 1000015718
4671 1000015712
3885 1000015710
160 1000015716
3208 1000015714
5045 1000003445
2470 1000003447
3203 1000003441
3673 1000003443
2693 1000011872
5027 1000011655
4523 1000003449
5149 1000011874
532 1000011475
2559 1000006018
5450 1000014453
1121 1000006549
955 1000006010
2953 1000006547
4365 1000006012
2148 1000006545
1292 1000006014
4928 1000014451
1983 1000006540
3644 1000016067
4989 1000010615
2792 1000010617
928 1000012308
525 1000010610
3377 1000012837
1419 1000012835
1441 1000012833
5089 1000006584
2142 1000012831
3676 1000012839
4743 1000009774
5625 1000006267
5333 1000015303
481 1000003228
3481 1000007768
1911 1000003999
2665 1000007760
5054 1000003222
5015 1000007762
795 1000003992
4177 1000007764
5116 1000007766
5115 1000000759
2852 1000004413
671 1000004411
3637 1000004417
959 1000004415
2826 1000000751
1611 1000000753
5513 1000000755
2982 1000000757
3606 1000010291
1924 1000010293
378 1000010295
2225 1000010297
36 1000010299
1849 1000001591
5654 1000013512
5310 1000016998
1158 1000016996
1084 1000013510
4758 1000016990
4481 1000016992
5170 1000008169
4229 1000008162
4356 1000008163
5738 1000008161
4925 1000008164
5674 1000008165
4689 1000016666
1304 1000016662
4626 1000016660
996 1000016668
2551 1000002814
56 1000014294
211 1000014296
1191 1000002810
95 1000014290
1242 1000014292
374 1000013017
2038 1000013015
1220 1000002818
1403 1000013013
1163 1000013011
4498 1000012639
5565 1000012635
5476 1000012631
294 1000005454
2531 1000005450
4703 1000005452
2746 1000016524
629 1000016526
5303 1000005458
3165 1000016522
3267 1000014746
2084 1000014742
1129 1000014740
5540 1000016296
4719 1000006225
18 1000016294
5599 1000006223
3923 1000016292
4527 1000006221
1026 1000016290
1438 1000016298
3483 1000015248
5646 1000009902
5231 1000009904
4893 1000015362
5530 1000015360
1055 1000002109
5576 1000015367
1577 1000015364
2562 1000002103
4935 1000015369
1841 1000002107
383 1000002105
4656 1000013908
5064 1000013904
3274 1000013906
5626 1000013900
4422 1000013902
4623 1000017210
3861 1000010844
35 1000006953
2887 1000010847
2860 1000010840
5285 1000010842
4351 1000006956
2043 1000006958
2652 1000006489
3270 1000010849
2023 1000015506
2223 1000015504
908 1000015502
1068 1000015500
3123 1000015508
2507 1000007574
4187 1000007576
5062 1000007570
5608 1000007572
5102 1000007578
566 1000012999
920 1000014107
2484 1000011466
1712 1000008755
85 1000014100
1681 1000008757
261 1000014102
1695 1000008759
134 1000012991
31 1000012993
2433 1000014109
2497 1000011468
529 1000012997
2735 1000000504
1835 1000000506
3204 1000000501
5274 1000010599
1318 1000010597
3629 1000010595
3213 1000000508
2961 1000010593
978 1000010591
4898 1000016858
2268 1000004088
8 1000004085
1206 1000004081
2736 1000014861
3950 1000017458
2234 1000017452
5026 1000017450
5348 1000017456
5059 1000017454
97 1000009486
4417 1000009482
642 1000009489
1434 1000002488
1357 1000002486
3179 1000002483
3419 1000002481
5338 1000009159
5459 1000009150
5501 1000009154
752 1000003957
3882 1000005680
1476 1000005682
4811 1000005868
2920 1000005686
3013 1000005864
1117 1000005866
2284 1000005860
2858 1000005862
1959 1000002662
4426 1000013738
2499 1000002666
1586 1000002664
2266 1000013732
2681 1000013736
3426 1000013224
2941 1000013222
5128 1000017022
4443 1000017020
3016 1000013228
2094 1000010033
1827 1000011524
5684 1000013756
3441 1000014002
5733 1000008999
3630 1000008998
4286 1000008996
4826 1000008993
4042 1000008991
4461 1000000355
5539 1000012178
4853 1000012170
4608 1000012176
2996 1000000605
3149 1000012174
4578 1000012397
3628 1000000603
5010 1000012395
1696 1000000601
393 1000015774
3312 1000015776
4856 1000015771
4470 1000012393
4769 1000014822
5056 1000011671
2703 1000014820
4588 1000014826
5571 1000011675
127 1000014824
2438 1000011855
4872 1000014828
4763 1000011857
2790 1000011853
895 1000016083
5068 1000006563
1824 1000006565
2951 1000016085
580 1000006569
4917 1000016089
2191 1000006935
4002 1000002338
1707 1000016107
1309 1000006931
5124 1000015198
5223 1000009715
2495 1000009713
1650 1000009711
3401 1000015190
1763 1000015192
5592 1000015194
4117 1000009718
3528 1000015196
4440 1000003429
1480 1000003427
5099 1000003424
5631 1000003422
2619 1000003420
106 1000010100
4465 1000010102
2684 1000010104
667 1000010106
61 1000010108
4593 1000007211
2440 1000007742
4699 1000007965
5140 1000007215
5354 1000007746
3080 1000007744
5543 1000007219
4447 1000007748
3859 1000011481
4502 1000007969
3601 1000004434
1468 1000004436
3596 1000004430
4000 1000004432
5130 1000017593
3066 1000017591
3700 1000004438
2360 1000017595
5164 1000013892
3093 1000009368
3241 1000008881
3924 1000015044
5254 1000015042
5196 1000015040
3054 1000008149
1718 1000008144
2299 1000008145
4287 1000008140
4900 1000008141
2907 1000008142
4709 1000008143
2143 1000016649
5495 1000016641
3617 1000016643
3620 1000016645
4775 1000016647
938 1000002878
1114 1000002876
1407 1000002874
37 1000002872
2926 1000013031
212 1000013033
907 1000013038
3962 1000012616
2845 1000012342
1384 1000012344
1730 1000005479
2122 1000012346
4607 1000005477
3284 1000012348
4569 1000005475
743 1000005473
4179 1000005471
2675 1000016506
3798 1000016504
4260 1000016502
2195 1000016500
3138 1000016508
4106 1000002299
1474 1000002293
4579 1000002291
4951 1000002297
1621 1000002295
4441 1000013699
3415 1000013695
1214 1000013697
4572 1000013691
4278 1000013693
3458 1000009968
640 1000009964
1233 1000009962
5659 1000015344
4315 1000015346
3583 1000015692
4477 1000002129
2997 1000015690
3566 1000002125
3600 1000002127
767 1000015348
2394 1000002121
635 1000015698
704 1000002123
4084 1000013966
4195 1000013964
4786 1000013968
5020 1000015311
3168 1000015529
1770 1000015520
1091 1000015521
3699 1000015523
3325 1000015525
4082 1000015527
4747 1000011999
5306 1000011995
5349 1000011990
3734 1000011993
5519 1000006978
4272 1000010828
2994 1000010826
2425 1000006972
1713 1000006970
4796 1000010822
5757 1000006976
223 1000010820
5145 1000006974
4275 1000011339
930 1000008778
1362 1000014128
3593 1000014126
4884 1000011445
4962 1000014124
3939 1000011335
2439 1000008776
5597 1000011441
1716 1000008774
537 1000012973
766 1000012971
950 1000012977
3395 1000000568
1662 1000000569
984 1000000566
2973 1000012979
4347 1000000563
3480 1000000561
4628 1000006609
2303 1000006601
5545 1000006603
774 1000006605
3030 1000006607
5224 1000016874
1300 1000000389
2344 1000000383
2886 1000000381
2864 1000000387
5086 1000000385
762 1000010319
2628 1000017474
2008 1000010315
1288 1000017476
278 1000010317
57 1000010311
3152 1000017472
276 1000010313
3380 1000001167
4153 1000001163
5118 1000002460
2576 1000002462
38 1000002464
3511 1000002466
4670 1000002468
431 1000001951
976 1000001381
5076 1000005802
1072 1000005800
2090 1000005808
1979 1000002604
237 1000002606
398 1000002601
3918 1000013206
5302 1000013204
3937 1000013750
4012 1000013752
2014 1000004394
4368 1000008971
1785 1000010422
3980 1000008973
3240 1000008975
4070 1000008979
2347 1000017432
244 1000001831
834 1000001834
5236 1000010426
826 1000001838
2963 1000009031
4496 1000014469
5468 1000014461
4497 1000014467
932 1000014465
4245 1000012403
3409 1000012401
3070 1000012405
4212 1000012155
3025 1000012408
3561 1000012151
3211 1000012153
5150 1000016312
1488 1000009038
5279 1000016316
600 1000016314
5751 1000016318
4938 1000005586
553 1000015756
152 1000015754
556 1000015752
2689 1000015750
1002 1000014804
4076 1000014806
576 1000014800
4684 1000011833
4025 1000014802
3995 1000011831
4834 1000014808
4640 1000011638
2430 1000002723
3826 1000002727
5488 1000009730
5662 1000009734
4687 1000009736
309 1000012289
665 1000003400
547 1000003402
831 1000003404
567 1000003407
1630 1000003409
1 1000010128
893 1000010122
274 1000010120
230 1000010126
1159 1000010124
4453 1000005730
5319 1000006036
4978 1000006034
5324 1000007724
3866 1000007720
356 1000007722
2074 1000000715
3733 1000000717
2642 1000000710
5363 1000008124
4852 1000004458
2054 1000004456
1643 1000004454
3209 1000004452
2317 1000004450
1508 1000000647
3944 1000001446
3031 1000002850
543 1000014250
799 1000002852
110 1000014252
3418 1000014254
1280 1000002856
2714 1000014259
1246 1000005491
5 1000005493
608 1000005495
1725 1000005497
3084 1000005499
1493 1000014788
3788 1000014782
1690 1000014780
1406 1000014786
3232 1000014784
1315 1069
4113 1068
5589 1065
4632 1066
5474 1000012368
2114 1000012361
884 1000012366
1515 1000012364
2592 1000009946
2595 1000009944
3352 1000009942
1437 1000009940
4957 1000015327
4123 1000015325
1245 1000015323
3754 1000009948
4846 1000013948
1890 1000002144
5109 1000013419
3922 1000013412
4279 1000013942
2762 1000013417
1618 1000013946
5283 1000012094
5582 1000012096
4019 1000012092
3800 1000016129
2262 1000010801
2537 1000010803
2641 1000010806
3280 1000006915
3147 1000016123
3436 1000016125
5307 1000006913
3468 1000007399
269 1000003361
4905 1000003363
4683 1000007397
3613 1000003365
1731 1000007391
860 1000007393
2098 1000008718
2699 1000008714
779 1000008716
397 1000008712
486 1000000540
915 1000012955
2035 1000000542
329 1000012957
4202 1000000544
861 1000012951
4303 1000000546
4134 1000012953
1004 1000000548
4007 1000006623
2281 1000006621
4027 1000006625
891 1000006629
1436 1000003301
5489 1314
3265 1000000811
669 1000000816
3854 1000000818
5271 1000017416
1310 1000010377
3057 1000017414
3062 1000017412
2399 1000017410
3173 1000009448
2637 1000017418
53 1000010379
2363 1000001143
4977 1000001637
3099 1000014175
1349 1000012041
4154 1000000761
1153 1000008541
4924 1000011413
4485 1000009194
4148 1000009190
4770 1000009192
1757 1000005399
1963 1000005820
1886 1000005822
3074 1000005824
4641 1000009199
1226 1000005826
304 1000013776
2277 1000013774
2805 1000013772
4373 1000013770
1629 1000017067
4467 1000017065
3055 1000017063
1829 1000017061
5517 1000017069
1740 1000007700
864 1000002449
1884 1000002443
1029 1000002441
3503 1000007924
1075 1000002447
3176 1000002445
273 1000008958
506 1000008952
385 1000008956
830 1000008954
5156 1000005533
430 1000005531
1555 1000005537
4370 1000005535
1355 1000001855
816 1000001857
203 1000001851
192 1000001853
3311 1000006770
292 1000001859
4256 1000006804
2726 1000014449
2237 1000002629
3710 1000002627
5444 1000014445
5373 1000014447
1461 1000002623
1980 1000014441
1367 1000002621
4861 1000006774
4891 1000016254
5264 1000012137
1943 1000012426
1459 1000012420
4062 1000012421
460 1000012131
2218 1000012428
3627 1000012139
3830 1000016334
4808 1000016336
4918 1000016330
371 1000016332
2682 1000014901
471 1000016338
3433 1000009157
3122 1000003722
4665 1000011819
3417 1000003170
5148 1000014869
5651 1000011810
4427 1000014867
4501 1000014865
5417 1000011814
1942 1000014863
2238 1000011817
4283 1000000485
1869 1000015641
4034 1000000487
387 1000010149
963 1000000480
2314 1000000483
2722 1000010145
5634 1000010141
4037 1000010143
4290 1000015313
1627 1000003033
3227 1000007259
2185 1000002179
997 1000003289
2365 1000007255
4961 1000003287
1891 1000007257
3072 1000003285
5743 1000007703
1951 1000003283
3101 1000003281
3327 1000012111
2339 1000012445
2140 1000012443
1638 1000012441
5622 1000011769
4086 1000011760
3515 1000011765
1144 1000001288
1057 1000001280
2867 1000001282
653 1000001284
2261 1000001286
1408 1000007879
4968 1000016930
1584 1000003829
1636 1000016936
5768 1000016934
3491 1000003823
1175 1000016938
3297 1000003821
5173 1000007875
2386 1000003827
491 1000003825
2780 1000008105
5033 1000004471
829 1000004474
3448 1000000739
1571 1000004478
3456 1000000732
3064 1000000730
1005 1000005700
4908 1000001468
3721 1000005704
1907 1000005708
5249 1000001466
5270 1000016684
906 1000014279
4877 1000016680
389 1000014272
5241 1000016688
183 1000014276
1744 1000014274
218 1000013717
5295 1000010481
2372 1000010483
4491 1000009271
4431 1000009273
5623 1000009275
2515 1000002910
3839 1000015902
3514 1000012304
4494 1000015900
4115 1000012306
1208 1000012301
3970 1000015904
5779 1000002168
5409 1000015301
5705 1000015651
5243 1000015656
5675 1000015306
19 1000015309
807 1000015658
1243 1000002164
2319 1000002166
1750 1000013439
3708 1000013437
4473 1000013433
5693 1000011680
1512 1000000662
4018 1000006937
1260 1000006392
5685 1000016101
753 1000006390
2977 1000006933
2442 1000006396
3360 1000016105
1781 1000006394
3156 1000006429
4079 1000016109
55 1000006398
3346 1000006939
3756 1000003610
5670 1000011489
2764 1000003612
1462 1000003347
2421 1000003345
1099 1000003616
876 1000011483
3132 1000003618
759 1000003349
3799 1000011487
5448 1000011485
5025 1000011375
1973 1000008736
1481 1000011377
4318 1000008734
367 1000011371
2472 1000008732
2795 1000012938
2403 1000008730
1311 1000012936
4157 1000011379
3167 1000012931
2031 1000006644
4551 1000006646
2397 1000006640
497 1000006642
1590 1000006648
692 1000010686
87 1000010683
34 1000010681
5425 1000010688
3956 1000017438
787 1000010359
5245 1000010428
924 1000004396
2769 1000000830
2408 1000004390
70 1000004392
331 1000010350
5180 1000010420
1342 1000010354
1852 1000004398
4828 1000010424
3477 1000009465
1652 1000009467
2128 1000009461
1764 1000009463
3523 1000009469
204 1000007118
1812 1000007112
990 1000007110
1007 1000007116
1914 1000007114
2078 1000004139
4006 1000004648
4160 1000004646
2151 1000004135
2620 1000004137
2561 1000002832
4015 1000010003
3563 1000002522
1820 1000014012
1176 1000014010
745 1000016748
5412 1000011535
5213 1000016740
5420 1000016742
5257 1000016744
5256 1000016746
2188 1000002429
3567 1000002425
1862 1000002427
3049 1000002421
1931 1000002423
247 1000008939
2070 1000008935
2556 1000008937
1180 1000008933
4158 1000001878
3368 1000005515
1546 1000005517
4547 1000005511
4332 1000005513
3465 1000012886
2881 1000012884
4508 1000002397
3277 1000014427
3973 1000002395
5217 1000014425
3474 1000002393
5032 1000014423
2673 1000002391
2624 1000004333
4241 1000002399
4483 1000012119
5485 1000012880
818 1000012449
1022 1000012447
1171 1000013956
1969 1000012113
1585 1000012115
1040 1000012117
4576 1000016356
3304 1000016352
4678 1000016353
2203 1000016350
3604 1000013954
587 1000005828
1164 1000006414
4049 1000005438
2475 1000006416
697 1000006410
3958 1000006898
4666 1000013952
1558 1000006412
4972 1000006891
4185 1000006893
4131 1000006895
528 1000015468
696 1000015460
252 1000015462
2398 1000015464
213 1000010904
